-2.000000000000000000e+00,-5.000000000000000000e-01,1.000000000000000056e-01,2.000000000000000111e-01,0.000000000000000000e+00,0.000000000000000000e+00
-1.998000000267371234e+00,-4.999991565115443626e-01,9.999969924713277003e-02,1.999999197319875521e-01,1.687777503102844709e-04,-6.017698516251323437e-05
-1.996000002143507590e+00,-4.999966228408523894e-01,9.999879593121924204e-02,1.999996780193678825e-01,3.380367433425699526e-04,-1.205126936451212955e-04
-1.994000007249701278e+00,-4.999923941666022387e-01,9.999728846249186787e-02,1.999992734911019143e-01,5.077787592703787364e-04,-1.810076325942815471e-04
-1.992000017221009722e+00,-4.999864656496328386e-01,9.999517524610339325e-02,1.999987047651889949e-01,6.780055857547699627e-04,-2.416623108008281260e-04
-1.990000033706365246e+00,-4.999788324328690581e-01,9.999245468211043208e-02,1.999979704485738141e-01,8.487190179722645762e-04,-3.024772387019881862e-04
-1.988000058368686540e+00,-4.999694896412462675e-01,9.998912516545697959e-02,1.999970691370525078e-01,1.019920858642745995e-03,-3.634529283833296876e-04
-1.986000092884990575e+00,-4.999584323816347875e-01,9.998518508595793941e-02,1.999959994151777887e-01,1.191612918057331858e-03,-4.245898935806393434e-04
-1.984000138946505398e+00,-4.999456557427640613e-01,9.998063282828258125e-02,1.999947598561633011e-01,1.363797014106216121e-03,-4.858886496817290085e-04
-1.982000198258783819e+00,-4.999311547951465484e-01,9.997546677193804021e-02,1.999933490217871146e-01,1.536474972306475263e-03,-5.473497137281689399e-04
-1.980000272541818651e+00,-4.999149245910012307e-01,9.996968529125276059e-02,1.999917654622942742e-01,1.709648625829837633e-03,-6.089736044169463550e-04
-1.978000363530158179e+00,-4.998969601641770621e-01,9.996328675535993968e-02,1.999900077162984902e-01,1.883319815530410616e-03,-6.707608421020479867e-04
-1.976000472973023170e+00,-4.998772565300758641e-01,9.995626952818091604e-02,1.999880743106829672e-01,2.057490389972363790e-03,-7.327119487959641436e-04
-1.974000602634424784e+00,-4.998558086855751648e-01,9.994863196840864106e-02,1.999859637605003182e-01,2.232162205457562196e-03,-7.948274481711137306e-04
-1.972000754293283142e+00,-4.998326116089507054e-01,9.994037242949101174e-02,1.999836745688715056e-01,2.407337126053149968e-03,-8.571078655611874672e-04
-1.970000929743547013e+00,-4.998076602597986140e-01,9.993148925961427287e-02,1.999812052268839235e-01,2.583017023619074964e-03,-9.195537279624081640e-04
-1.968001130794315268e+00,-4.997809495789572454e-01,9.992198080168641916e-02,1.999785542134885630e-01,2.759203777835555951e-03,-9.821655640347066486e-04
-1.966001359269958115e+00,-4.997524744884290215e-01,9.991184539332048642e-02,1.999757199953961506e-01,2.935899276230484294e-03,-1.044943904102809979e-03
-1.964001617010240341e+00,-4.997222298913017724e-01,9.990108136681796758e-02,1.999727010269724825e-01,3.113105414206759295e-03,-1.107889280157242163e-03
-1.962001905870445206e+00,-4.996902106716696879e-01,9.988968704915208996e-02,1.999694957501326475e-01,3.290824095069550242e-03,-1.171002225855234235e-03
-1.960002227721499679e+00,-4.996564116945543810e-01,9.987766076195118969e-02,1.999661025942343906e-01,3.469057230053484292e-03,-1.234283276521542074e-03
-1.958002584450100114e+00,-4.996208278058253405e-01,9.986500082148201674e-02,1.999625199759704763e-01,3.647806738349751530e-03,-1.297732969149170213e-03
-1.956002977958840150e+00,-4.995834538321202167e-01,9.985170553863302600e-02,1.999587462992600262e-01,3.827074547133127187e-03,-1.361351842399999160e-03
-1.954003410166337940e+00,-4.995442845807648857e-01,9.983777321889772405e-02,1.999547799551389393e-01,4.006862591588904524e-03,-1.425140436605315140e-03
-1.952003883007366714e+00,-4.995033148396932354e-01,9.982320216235796018e-02,1.999506193216492311e-01,4.187172814939731438e-03,-1.489099293766239871e-03
-1.950004398432984676e+00,-4.994605393773666191e-01,9.980799066366720373e-02,1.999462627637274559e-01,4.368007168472353395e-03,-1.553228957554057344e-03
-1.948004958410666232e+00,-4.994159529426930311e-01,9.979213701203387687e-02,1.999417086330919635e-01,4.549367611564247502e-03,-1.617529973310437384e-03
-1.946005564924435438e+00,-4.993695502649462270e-01,9.977563949120461795e-02,1.999369552681293238e-01,4.731256111710152937e-03,-1.682002888047551877e-03
-1.944006219974999672e+00,-4.993213260536842890e-01,9.975849637944760040e-02,1.999320009937795573e-01,4.913674644548487319e-03,-1.746648250448083663e-03
-1.942006925579884635e+00,-4.992712749986680243e-01,9.974070594953582392e-02,1.999268441214203107e-01,5.096625193887642513e-03,-1.811466610865123750e-03
-1.940007683773570468e+00,-4.992193917697793082e-01,9.972226646873039169e-02,1.999214829487500622e-01,5.280109751732159871e-03,-1.876458521321955775e-03
-1.938008496607629194e+00,-4.991656710169387612e-01,9.970317619876382931e-02,1.999159157596702707e-01,5.464130318308777108e-03,-1.941624535511725543e-03
-1.936009366150863276e+00,-4.991101073700235924e-01,9.968343339582338980e-02,1.999101408241662770e-01,5.648688902092339863e-03,-2.006965208796993028e-03
-1.934010294489445503e+00,-4.990526954387848879e-01,9.966303631053435863e-02,1.999041563981873715e-01,5.833787519831573620e-03,-2.072481098209164475e-03
-1.932011283727059991e+00,-4.989934298127647883e-01,9.964198318794334486e-02,1.998979607235254752e-01,6.019428196574713383e-03,-2.138172762447802192e-03
-1.930012335985043848e+00,-4.989323050612132771e-01,9.962027226750164166e-02,1.998915520276929869e-01,6.205612965694978951e-03,-2.204040761879809233e-03
-1.928013453402531274e+00,-4.988693157330050254e-01,9.959790178304854524e-02,1.998849285237992990e-01,6.392343868915895816e-03,-2.270085658538488309e-03
-1.926014638136597679e+00,-4.988044563565554590e-01,9.957486996279467373e-02,1.998780884104262578e-01,6.579622956336453853e-03,-2.336308016122469727e-03
-1.924015892362405999e+00,-4.987377214397371028e-01,9.955117502930535545e-02,1.998710298715025424e-01,6.767452286456096013e-03,-2.402708399994507495e-03
-1.922017218273353700e+00,-4.986691054697953707e-01,9.952681519948396172e-02,1.998637510761767655e-01,6.955833926199533543e-03,-2.469287377180140984e-03
-1.920018618081221096e+00,-4.985986029132642439e-01,9.950178868455530901e-02,1.998562501786895762e-01,7.144769950941379927e-03,-2.536045516366219540e-03
-1.918020094016321231e+00,-4.985262082158815611e-01,9.947609369004903335e-02,1.998485253182444021e-01,7.334262444530596607e-03,-2.602983387899285728e-03
-1.916021648327650651e+00,-4.984519158025041419e-01,9.944972841578303413e-02,1.998405746188771648e-01,7.524313499314746155e-03,-2.670101563783817186e-03
-1.914023283283042165e+00,-4.983757200770228546e-01,9.942269105584687627e-02,1.998323961893246625e-01,7.714925216164042476e-03,-2.737400617680322331e-03
-1.912025001169318283e+00,-4.982976154222770737e-01,9.939497979858523402e-02,1.998239881228918990e-01,7.906099704495194586e-03,-2.804881124903287320e-03
-1.910026804292445979e+00,-4.982175961999691927e-01,9.936659282658139025e-02,1.998153484973180238e-01,8.097839082295036142e-03,-2.872543662418973378e-03
-1.908028694977693451e+00,-4.981356567505788036e-01,9.933752831664070804e-02,1.998064753746411903e-01,8.290145476143932074e-03,-2.940388808843057145e-03
-1.906030675569787336e+00,-4.980517913932766549e-01,9.930778443977417158e-02,1.997973668010621096e-01,8.483021021238960555e-03,-3.008417144438117492e-03
-1.904032748433072353e+00,-4.979659944258382764e-01,9.927735936118189941e-02,1.997880208068063546e-01,8.676467861416847782e-03,-3.076629251110959279e-03
-1.902034915951670957e+00,-4.978782601245575479e-01,9.924625124023674083e-02,1.997784354059853884e-01,8.870488149176675510e-03,-3.145025712409775780e-03
-1.900037180529646097e+00,-4.977885827441600464e-01,9.921445823046787238e-02,1.997686085964563152e-01,9.065084045702317961e-03,-3.213607113521144143e-03
-1.898039544591163752e+00,-4.976969565177158383e-01,9.918197847954442203e-02,1.997585383596803543e-01,9.260257720884635876e-03,-3.282374041266852144e-03
-1.896042010580658133e+00,-4.976033756565526045e-01,9.914881012925913506e-02,1.997482226605800937e-01,9.456011353343394751e-03,-3.351327084100551041e-03
-1.894044580962997104e+00,-4.975078343501679878e-01,9.911495131551206761e-02,1.997376594473952716e-01,9.652347130448903773e-03,-3.420466832104234519e-03
-1.892047258223650275e+00,-4.974103267661421635e-01,9.908040016829434971e-02,1.997268466515373653e-01,9.849267248343380673e-03,-3.489793876984537222e-03
-1.890050044868858192e+00,-4.973108470500499090e-01,9.904515481167192048e-02,1.997157821874427919e-01,1.004677391196201995e-02,-3.559308812068850275e-03
-1.888052943425802210e+00,-4.972093893253725638e-01,9.900921336376936055e-02,1.997044639524247767e-01,1.024486933505375404e-02,-3.629012232301253357e-03
-1.886055956442777015e+00,-4.971059476934098775e-01,9.897257393675375214e-02,1.996928898265238062e-01,1.044355574020171436e-02,-3.698904734238254218e-03
-1.884059086489363821e+00,-4.970005162331914694e-01,9.893523463681856700e-02,1.996810576723568043e-01,1.064283535884336628e-02,-3.768986916044337818e-03
-1.882062336156605120e+00,-4.968930890013882329e-01,9.889719356416760976e-02,1.996689653349648652e-01,1.084271043129031963e-02,-3.839259377487317694e-03
-1.880065708057181872e+00,-4.967836600322235174e-01,9.885844881299901687e-02,1.996566106416596265e-01,1.104318320674780099e-02,-3.909722719933486981e-03
-1.878069204825591143e+00,-4.966722233373840889e-01,9.881899847148926941e-02,1.996439914018681427e-01,1.124425594333377555e-02,-3.980377546342567761e-03
-1.876072829118325735e+00,-4.965587729059308120e-01,9.877884062177733071e-02,1.996311054069764557e-01,1.144593090809771854e-02,-4.051224461262450081e-03
-1.874076583614055602e+00,-4.964433027042094437e-01,9.873797333994875636e-02,1.996179504301716090e-01,1.164821037703901718e-02,-4.122264070823718901e-03
-1.872080471013810143e+00,-4.963258066757608167e-01,9.869639469601990123e-02,1.996045242262823594e-01,1.185109663512499273e-02,-4.193496982733971139e-03
-1.870084494041163392e+00,-4.962062787412311882e-01,9.865410275392219597e-02,1.995908245316182494e-01,1.205459197630854087e-02,-4.264923806271906336e-03
-1.868088655442419199e+00,-4.960847127982823679e-01,9.861109557148643734e-02,1.995768490638073211e-01,1.225869870354537317e-02,-4.336545152281200480e-03
-1.866092957986799306e+00,-4.959611027215014012e-01,9.856737120042720346e-02,1.995625955216323577e-01,1.246341912881084556e-02,-4.408361633164145643e-03
-1.864097404466632746e+00,-4.958354423623105300e-01,9.852292768632726905e-02,1.995480615848655437e-01,1.266875557311637583e-02,-4.480373862875064971e-03
-1.862101997697546141e+00,-4.957077255488765988e-01,9.847776306862214557e-02,1.995332449141016540e-01,1.287471036652542561e-02,-4.552582456913488278e-03
-1.860106740518657320e+00,-4.955779460860204599e-01,9.843187538058464914e-02,1.995181431505896885e-01,1.308128584816904347e-02,-4.624988032317085655e-03
-1.858111635792768501e+00,-4.954460977551262690e-01,9.838526264930955167e-02,1.995027539160629804e-01,1.328848436626095010e-02,-4.697591207654362548e-03
-1.856116686406563243e+00,-4.953121743140506128e-01,9.833792289569834311e-02,1.994870748125677773e-01,1.349630827811216897e-02,-4.770392603017099831e-03
-1.854121895270803844e+00,-4.951761694970313599e-01,9.828985413444396579e-02,1.994711034222901580e-01,1.370475995014516953e-02,-4.843392840012544082e-03
-1.852127265320530292e+00,-4.950380770145965115e-01,9.824105437401578489e-02,1.994548373073815051e-01,1.391384175790752638e-02,-4.916592541755340252e-03
-1.850132799515262549e+00,-4.948978905534730521e-01,9.819152161664451706e-02,1.994382740097822015e-01,1.412355608608507895e-02,-4.989992332859199790e-03
-1.848138500839202614e+00,-4.947556037764952452e-01,9.814125385830725634e-02,1.994214110510439120e-01,1.433390532851457587e-02,-5.063592839428300747e-03
-1.846144372301439684e+00,-4.946112103225132062e-01,9.809024908871265269e-02,1.994042459321500316e-01,1.454489188819579025e-02,-5.137394689048420740e-03
-1.844150416936156667e+00,-4.944647038063011979e-01,9.803850529128611824e-02,1.993867761333346922e-01,1.475651817730309553e-02,-5.211398510777786285e-03
-1.842156637802838892e+00,-4.943160778184658155e-01,9.798602044315518622e-02,1.993689991138999085e-01,1.496878661719649312e-02,-5.285604935137647176e-03
-1.840163037986483952e+00,-4.941653259253540598e-01,9.793279251513486994e-02,1.993509123120312532e-01,1.518169963843206578e-02,-5.360014594102556831e-03
-1.838169620597813969e+00,-4.940124416689614106e-01,9.787881947171324371e-02,1.993325131446116727e-01,1.539525968077185697e-02,-5.434628121090367275e-03
-1.836176388773489432e+00,-4.938574185668396233e-01,9.782409927103700997e-02,1.993137990070337484e-01,1.560946919319314632e-02,-5.509446150951920543e-03
-1.834183345676325239e+00,-4.937002501120045239e-01,9.776862986489723295e-02,1.992947672730100983e-01,1.582433063389712680e-02,-5.584469319960444315e-03
-1.832190494495508304e+00,-4.935409297728438616e-01,9.771240919871521102e-02,1.992754152943821688e-01,1.603984647031695202e-02,-5.659698265800632705e-03
-1.830197838446817382e+00,-4.933794509930248262e-01,9.765543521152834916e-02,1.992557404009272226e-01,1.625601917912514183e-02,-5.735133627557419123e-03
-1.828205380772844446e+00,-4.932158071914016229e-01,9.759770583597626725e-02,1.992357399001635498e-01,1.647285124624033037e-02,-5.810776045704426490e-03
-1.826213124743218730e+00,-4.930499917619230454e-01,9.753921899828696396e-02,1.992154110771539866e-01,1.669034516683336536e-02,-5.886626162092098262e-03
-1.824221073654831438e+00,-4.928819980735398842e-01,9.747997261826307769e-02,1.991947511943074900e-01,1.690850344533269614e-02,-5.962684619935490309e-03
-1.822229230832064006e+00,-4.927118194701123333e-01,9.741996460926834189e-02,1.991737574911790487e-01,1.712732859542906785e-02,-6.038952063801736672e-03
-1.820237599627017477e+00,-4.925394492703173421e-01,9.735919287821410972e-02,1.991524271842677329e-01,1.734682314007950782e-02,-6.115429139597165775e-03
-1.818246183419744089e+00,-4.923648807675560235e-01,9.729765532554603136e-02,1.991307574668128577e-01,1.756698961151056601e-02,-6.192116494554072287e-03
-1.816254985618480866e+00,-4.921881072298607829e-01,9.723534984523084235e-02,1.991087455085882862e-01,1.778783055122080264e-02,-6.269014777217135972e-03
-1.814264009659884991e+00,-4.920091218998026705e-01,9.717227432474334625e-02,1.990863884556949848e-01,1.800934850998251596e-02,-6.346124637429475385e-03
-1.812273259009272053e+00,-4.918279179943986779e-01,9.710842664505348054e-02,1.990636834303515512e-01,1.823154604784267552e-02,-6.423446726318339864e-03
-1.810282737160855859e+00,-4.916444887050189783e-01,9.704380468061354903e-02,1.990406275306828843e-01,1.845442573412305401e-02,-6.500981696280427706e-03
-1.808292447637990241e+00,-4.914588271972940570e-01,9.697840629934560697e-02,1.990172178305069650e-01,1.867799014741952993e-02,-6.578730200966821824e-03
-1.806302393993413302e+00,-4.912709266110221740e-01,9.691222936262898491e-02,1.989934513791196402e-01,1.890224187560055752e-02,-6.656692895267543771e-03
-1.804312579809493666e+00,-4.910807800600765494e-01,9.684527172528797911e-02,1.989693252010775737e-01,1.912718351580477288e-02,-6.734870435295711374e-03
-1.802323008698478946e+00,-4.908883806323126042e-01,9.677753123557972237e-02,1.989448362959790884e-01,1.935281767443771186e-02,-6.813263478371299128e-03
-1.800333684302746429e+00,-4.906937213894754235e-01,9.670900573518217969e-02,1.989199816382430652e-01,1.957914696716763978e-02,-6.891872683004490047e-03
-1.798344610295056212e+00,-4.904967953671071079e-01,9.663969305918231056e-02,1.988947581768858996e-01,1.980617401892045132e-02,-6.970698708878616395e-03
-1.796355790378806105e+00,-4.902975955744542369e-01,9.656959103606448103e-02,1.988691628352964313e-01,2.003390146387364068e-02,-7.049742216832678016e-03
-1.794367228288289207e+00,-4.900961149943754425e-01,9.649869748769894506e-02,1.988431925110087095e-01,2.026233194544930366e-02,-7.129003868843433907e-03
-1.792378927788953469e+00,-4.898923465832488722e-01,9.642701022933057586e-02,1.988168440754729260e-01,2.049146811630614753e-02,-7.208484328007055790e-03
-1.790390892677663492e+00,-4.896862832708799851e-01,9.635452706956777746e-02,1.987901143738240450e-01,2.072131263833052253e-02,-7.288184258520343656e-03
-1.788403126782965424e+00,-4.894779179604092367e-01,9.628124581037154905e-02,1.987630002246485450e-01,2.095186818262640555e-02,-7.368104325661485945e-03
-1.786415633965352967e+00,-4.892672435282200416e-01,9.620716424704478520e-02,1.987354984197489405e-01,2.118313742950434300e-02,-7.448245195770366103e-03
-1.784428418117536941e+00,-4.890542528238467357e-01,9.613228016822177036e-02,1.987076057239062221e-01,2.141512306846932168e-02,-7.528607536228399885e-03
-1.782441483164716178e+00,-4.888389386698826500e-01,9.605659135585783992e-02,1.986793188746401873e-01,2.164782779820754663e-02,-7.609192015437898221e-03
-1.780454833064851972e+00,-4.886212938618884061e-01,9.598009558521929108e-02,1.986506345819675223e-01,2.188125432657210892e-02,-7.689999302800953028e-03
-1.778468471808943852e+00,-4.884013111683003228e-01,9.590279062487348793e-02,1.986215495281578591e-01,2.211540537056749106e-02,-7.771030068697826892e-03
-1.776482403421308254e+00,-4.881789833303390447e-01,9.582467423667920259e-02,1.985920603674874996e-01,2.235028365633292755e-02,-7.852284984464847489e-03
-1.774496631959860071e+00,-4.879543030619181154e-01,9.574574417577716434e-02,1.985621637259910033e-01,2.258589191912456842e-02,-7.933764722371791991e-03
-1.772511161516395761e+00,-4.877272630495531058e-01,9.566599819058080323e-02,1.985318562012106103e-01,2.282223290329641469e-02,-8.015469955598762339e-03
-1.770525996216880449e+00,-4.874978559522706312e-01,9.558543402276732659e-02,1.985011343619432767e-01,2.305930936228002895e-02,-8.097401358212526212e-03
-1.768541140221735475e+00,-4.872660744015177015e-01,9.550404940726892056e-02,1.984699947479855731e-01,2.329712405856296589e-02,-8.179559605142333253e-03
-1.766556597726130828e+00,-4.870319110010711827e-01,9.542184207226428461e-02,1.984384338698762518e-01,2.353567976366591902e-02,-8.261945372155184847e-03
-1.764572372960278024e+00,-4.867953583269477580e-01,9.533880973917036039e-02,1.984064482086365933e-01,2.377497925811852472e-02,-8.344559335830552260e-03
-1.762588470189727197e+00,-4.865564089273137771e-01,9.525495012263432426e-02,1.983740342155082825e-01,2.401502533143384452e-02,-8.427402173534534469e-03
-1.760604893715666197e+00,-4.863150553223957728e-01,9.517026093052589897e-02,1.983411883116891206e-01,2.425582078208144213e-02,-8.510474563393443520e-03
-1.758621647875222127e+00,-4.860712900043908657e-01,9.508473986392981803e-02,1.983079068880663487e-01,2.449736841745907626e-02,-8.593777184266817443e-03
-1.756638737041765985e+00,-4.858251054373776689e-01,9.499838461713869253e-02,1.982741863049475306e-01,2.473967105386293969e-02,-8.677310715719832937e-03
-1.754656165625219533e+00,-4.855764940572274702e-01,9.491119287764607226e-02,1.982400228917891305e-01,2.498273151645644119e-02,-8.761075837995124793e-03
-1.752673938072365267e+00,-4.853254482715157470e-01,9.482316232613981211e-02,1.982054129469226766e-01,2.522655263923749905e-02,-8.845073231983994685e-03
-1.750692058867159506e+00,-4.850719604594339041e-01,9.473429063649571602e-02,1.981703527372784546e-01,2.547113726500428721e-02,-8.929303579196998936e-03
-1.748710532531047246e+00,-4.848160229717016212e-01,9.464457547577151408e-02,1.981348384981068689e-01,2.571648824531944447e-02,-9.013767561733906572e-03
-1.746729363623280573e+00,-4.845576281304792010e-01,9.455401450420114484e-02,1.980988664326972237e-01,2.596260844047268423e-02,-9.098465862253013806e-03
-1.744748556741239742e+00,-4.842967682292805831e-01,9.446260537518927358e-02,1.980624327120941719e-01,2.620950071944178061e-02,-9.183399163939814924e-03
-1.742768116520756916e+00,-4.840334355328866911e-01,9.437034573530622694e-02,1.980255334748114715e-01,2.645716795985190647e-02,-9.268568150474996645e-03
-1.740788047636442792e+00,-4.837676222772591128e-01,9.427723322428317732e-02,1.979881648265434946e-01,2.670561304793327845e-02,-9.353973506001775004e-03
-1.738808354802016565e+00,-4.834993206694542800e-01,9.418326547500767421e-02,1.979503228398740156e-01,2.695483887847707066e-02,-9.439615915092534892e-03
-1.736829042770638543e+00,-4.832285228875380922e-01,9.408844011351957803e-02,1.979120035539825018e-01,2.720484835478959029e-02,-9.525496062714779166e-03
-1.734850116335245218e+00,-4.829552210805010959e-01,9.399275475900720211e-02,1.978732029743478227e-01,2.745564438864464205e-02,-9.611614634196371729e-03
-1.732871580328888106e+00,-4.826794073681738295e-01,9.389620702380395423e-02,1.978339170724495444e-01,2.770722990023407467e-02,-9.697972315190053760e-03
-1.730893439625075469e+00,-4.824010738411431687e-01,9.379879451338522800e-02,1.977941417854663375e-01,2.795960781811645396e-02,-9.784569791637236572e-03
-1.728915699138116047e+00,-4.821202125606686706e-01,9.370051482636572449e-02,1.977538730159719982e-01,2.821278107916384489e-02,-9.871407749731045053e-03
-1.726938363823467659e+00,-4.818368155585999180e-01,9.360136555449709295e-02,1.977131066316287766e-01,2.846675262850663357e-02,-9.958486875878609992e-03
-1.724961438678086934e+00,-4.815508748372941406e-01,9.350134428266601572e-02,1.976718384648780136e-01,2.872152541947638540e-02,-1.004580785666258670e-02
-1.722984928740783905e+00,-4.812623823695344472e-01,9.340044858889264001e-02,1.976300643126281398e-01,2.897710241354668759e-02,-1.013337137880189823e-02
-1.721008839092577958e+00,-4.809713300984487239e-01,9.329867604432939832e-02,1.975877799359400111e-01,2.923348658027192029e-02,-1.022117812911168232e-02
-1.719033174857058865e+00,-4.806777099374292539e-01,9.319602421326024511e-02,1.975449810597094402e-01,2.949068089722393232e-02,-1.030922879446242828e-02
-1.717057941200749616e+00,-4.803815137700527260e-01,9.309249065310036542e-02,1.975016633723471471e-01,2.974868834992657959e-02,-1.039752406173829850e-02
-1.715083143333472337e+00,-4.800827334500011867e-01,9.298807291439617484e-02,1.974578225254559061e-01,3.000751193178808479e-02,-1.048606461779461735e-02
-1.713108786508719117e+00,-4.797813608009833808e-01,9.288276854082588851e-02,1.974134541335048898e-01,3.026715464403116271e-02,-1.057485114941450130e-02
-1.711134876024024143e+00,-4.794773876166570359e-01,9.277657506920040931e-02,1.973685537735012929e-01,3.052761949562088697e-02,-1.066388434326464608e-02
-1.709161417221340296e+00,-4.791708056605519794e-01,9.266949002946475722e-02,1.973231169846591526e-01,3.078890950319022879e-02,-1.075316488585022212e-02
-1.707188415487418620e+00,-4.788616066659935333e-01,9.256151094469990126e-02,1.972771392680654212e-01,3.105102769096326071e-02,-1.084269346346888874e-02
-1.705215876254191132e+00,-4.785497823360271852e-01,9.245263533112506316e-02,1.972306160863430691e-01,3.131397709067593182e-02,-1.093247076216390286e-02
-1.703243804999157840e+00,-4.782353243433439260e-01,9.234286069810049291e-02,1.971835428633114673e-01,3.157776074149440393e-02,-1.102249746767630656e-02
-1.701272207245775547e+00,-4.779182243302061428e-01,9.223218454813075784e-02,1.971359149836439117e-01,3.184238168993090701e-02,-1.111277426539618481e-02
-1.699301088563851536e+00,-4.775984739083748987e-01,9.212060437686848957e-02,1.970877277925221771e-01,3.210784298975702389e-02,-1.120330184031297256e-02
-1.697330454569940361e+00,-4.772760646590374356e-01,9.200811767311861677e-02,1.970389765952882954e-01,3.237414770191437280e-02,-1.129408087696479046e-02
-1.695360310927743752e+00,-4.769509881327362866e-01,9.189472191884318075e-02,1.969896566570933372e-01,3.264129889442269478e-02,-1.138511205938681423e-02
-1.693390663348514513e+00,-4.766232358492986654e-01,9.178041458916659512e-02,1.969397632025433054e-01,3.290929964228517940e-02,-1.147639607105863623e-02
-1.691421517591463308e+00,-4.762927992977672997e-01,9.166519315238148835e-02,1.968892914153420604e-01,3.317815302739110517e-02,-1.156793359485062088e-02
-1.689452879464169888e+00,-4.759596699363319305e-01,9.154905506995503206e-02,1.968382364379313854e-01,3.344786213841564187e-02,-1.165972531296922791e-02
-1.687484754822997424e+00,-4.756238391922621989e-01,9.143199779653592152e-02,1.967865933711279991e-01,3.371843007071680803e-02,-1.175177190690129304e-02
-1.685517149573510620e+00,-4.752852984618410326e-01,9.131401877996178640e-02,1.967343572737574875e-01,3.398985992622954172e-02,-1.184407405735724873e-02
-1.683550069670897376e+00,-4.749440391102996428e-01,9.119511546126728152e-02,1.966815231622854876e-01,3.426215481335677382e-02,-1.193663244421326076e-02
-1.681583521120394220e+00,-4.746000524717533531e-01,9.107528527469273272e-02,1.966280860104456241e-01,3.453531784685752448e-02,-1.202944774645227193e-02
-1.679617509977715528e+00,-4.742533298491385940e-01,9.095452564769335169e-02,1.965740407488645314e-01,3.480935214773189790e-02,-1.212252064210392853e-02
-1.677652042349486727e+00,-4.739038625141510641e-01,9.083283400094904758e-02,1.965193822646837674e-01,3.508426084310294762e-02,-1.221585180818338286e-02
-1.675687124393680616e+00,-4.735516417071851114e-01,9.071020774837493250e-02,1.964641054011787291e-01,3.536004706609536391e-02,-1.230944192062893502e-02
-1.673722762320058566e+00,-4.731966586372743921e-01,9.058664429713238209e-02,1.964082049573744604e-01,3.563671395571089973e-02,-1.240329165423851264e-02
-1.671758962390613945e+00,-4.728389044820336395e-01,9.046214104764076225e-02,1.963516756876583502e-01,3.591426465670048696e-02,-1.249740168260496387e-02
-1.669795730920021537e+00,-4.724783703876018759e-01,9.033669539358979428e-02,1.962945123013898341e-01,3.619270231943298027e-02,-1.259177267805014315e-02
-1.667833074276089178e+00,-4.721150474685869569e-01,9.021030472195264160e-02,1.962367094625067920e-01,3.647203009976045934e-02,-1.268640531155776872e-02
-1.665870998880214060e+00,-4.717489268080112819e-01,9.008296641299959329e-02,1.961782617891290603e-01,3.675225115888004074e-02,-1.278130025270504157e-02
-1.663909511207842806e+00,-4.713799994572592800e-01,8.995467784031248304e-02,1.961191638531585846e-01,3.703336866319211634e-02,-1.287645816959299278e-02
-1.661948617788935989e+00,-4.710082564360258406e-01,8.982543637079981602e-02,1.960594101798766031e-01,3.731538578415497659e-02,-1.297187972877555592e-02
-1.659988325208436200e+00,-4.706336887322666307e-01,8.969523936471260339e-02,1.959989952475375274e-01,3.759830569813569362e-02,-1.306756559518732451e-02
-1.658028640106740115e+00,-4.702562873021498002e-01,8.956408417566089075e-02,1.959379134869597694e-01,3.788213158625729216e-02,-1.316351643206998753e-02
-1.656069569180175227e+00,-4.698760430700090751e-01,8.943196815063109151e-02,1.958761592811132657e-01,3.816686663424204151e-02,-1.325973290089742240e-02
-1.654111119181480349e+00,-4.694929469282986823e-01,8.929888863000405574e-02,1.958137269647039214e-01,3.845251403225087572e-02,-1.335621566129941568e-02
-1.652153296920290115e+00,-4.691069897375496622e-01,8.916484294757384688e-02,1.957506108237548337e-01,3.873907697471879602e-02,-1.345296537098399255e-02
-1.650196109263624367e+00,-4.687181623263280694e-01,8.902982843056740647e-02,1.956868050951841853e-01,3.902655866018626268e-02,-1.354998268565834468e-02
-1.648239563136380870e+00,-4.683264554911947264e-01,8.889384239966494072e-02,1.956223039663800845e-01,3.931496229112643737e-02,-1.364726825894831304e-02
-1.646283665521833139e+00,-4.679318599966668657e-01,8.875688216902115346e-02,1.955571015747721020e-01,3.960429107376822744e-02,-1.374482274231642043e-02
-1.644328423462131594e+00,-4.675343665751813260e-01,8.861894504628727021e-02,1.954911920073995613e-01,3.989454821791506289e-02,-1.384264678497842960e-02
-1.642373844058810484e+00,-4.671339659270598577e-01,8.848002833263395039e-02,1.954245693004765805e-01,4.018573693675932257e-02,-1.394074103381839035e-02
-1.640419934473297703e+00,-4.667306487204760934e-01,8.834012932277503227e-02,1.953572274389538954e-01,4.047786044669230560e-02,-1.403910613330217223e-02
-1.638466701927429492e+00,-4.663244055914246289e-01,8.819924530499215209e-02,1.952891603560774347e-01,4.077092196710971339e-02,-1.413774272538943430e-02
-1.636514153703970464e+00,-4.659152271436918236e-01,8.805737356116026537e-02,1.952203619329435924e-01,4.106492472021253115e-02,-1.423665144944403875e-02
-1.634562297147136523e+00,-4.655031039488289335e-01,8.791451136677402856e-02,1.951508259980513083e-01,4.135987193080321866e-02,-1.433583294214284959e-02
-1.632611139663123767e+00,-4.650880265461269647e-01,8.777065599097516602e-02,1.950805463268507345e-01,4.165576682607715492e-02,-1.443528783738292666e-02
-1.630660688720640739e+00,-4.646699854425939691e-01,8.762580469658069748e-02,1.950095166412888492e-01,4.195261263540924629e-02,-1.453501676618705780e-02
-1.628710951851445987e+00,-4.642489711129342278e-01,8.747995474011222017e-02,1.949377306093516005e-01,4.225041259013557343e-02,-1.463502035660762222e-02
-1.626761936650889639e+00,-4.638249739995297660e-01,8.733310337182605132e-02,1.948651818446028583e-01,4.254916992333002829e-02,-1.473529923362876075e-02
-1.624813650778460739e+00,-4.633979845124241437e-01,8.718524783574442549e-02,1.947918639057200918e-01,4.284888786957586487e-02,-1.483585401906681658e-02
-1.622866101958337692e+00,-4.629679930293085222e-01,8.703638536968766326e-02,1.947177702960267431e-01,4.314956966473201816e-02,-1.493668533146902053e-02
-1.620919297979944274e+00,-4.625349898955100625e-01,8.688651320530739464e-02,1.946428944630213542e-01,4.345121854569412162e-02,-1.503779378601040849e-02
-1.618973246698510504e+00,-4.620989654239828770e-01,8.673562856812079558e-02,1.945672297979033627e-01,4.375383775015018184e-02,-1.513917999438892277e-02
-1.617027956035637981e+00,-4.616599098953012015e-01,8.658372867754589308e-02,1.944907696350957338e-01,4.405743051633073670e-02,-1.524084456471868493e-02
-1.615083433979869865e+00,-4.612178135576552873e-01,8.643081074693793886e-02,1.944135072517641782e-01,4.436200008275342777e-02,-1.534278810142141077e-02
-1.613139688587265974e+00,-4.607726666268499582e-01,8.627687198362689325e-02,1.943354358673332338e-01,4.466754968796193132e-02,-1.544501120511592752e-02
-1.611196727981982324e+00,-4.603244592863054985e-01,8.612190958895601933e-02,1.942565486429989885e-01,4.497408257025908157e-02,-1.554751447250578116e-02
-1.609254560356856656e+00,-4.598731816870615385e-01,8.596592075832158730e-02,1.941768386812386116e-01,4.528160196743411664e-02,-1.565029849626489028e-02
-1.607313193973997301e+00,-4.594188239477835500e-01,8.580890268121375841e-02,1.940962990253166098e-01,4.559011111648396397e-02,-1.575336386492122431e-02
-1.605372637165378258e+00,-4.589613761547721715e-01,8.565085254125863468e-02,1.940149226587878639e-01,4.589961325332842651e-02,-1.585671116273847797e-02
-1.603432898333438272e+00,-4.585008283619754210e-01,8.549176751626150206e-02,1.939327025049974174e-01,4.621011161251918631e-02,-1.596034096959570228e-02
-1.601493985951686128e+00,-4.580371705910038505e-01,8.533164477825130878e-02,1.938496314265770459e-01,4.652160942694248680e-02,-1.606425386086487647e-02
-1.599555908565309936e+00,-4.575703928311488644e-01,8.517048149352630937e-02,1.937657022249386074e-01,4.683410992751545210e-02,-1.616845040728637217e-02
-1.597618674791791538e+00,-4.571004850394037033e-01,8.500827482270105484e-02,1.936809076397642548e-01,4.714761634287583519e-02,-1.627293117484229085e-02
-1.595682293321527112e+00,-4.566274371404879795e-01,8.484502192075460414e-02,1.935952403484933748e-01,4.746213189906518110e-02,-1.637769672462764323e-02
-1.593746772918451793e+00,-4.561512390268752104e-01,8.468071993708004008e-02,1.935086929658064447e-01,4.777765981920521765e-02,-1.648274761271932565e-02
-1.591812122420669828e+00,-4.556718805588237386e-01,8.451536601553531758e-02,1.934212580431057538e-01,4.809420332316739766e-02,-1.658808439004287247e-02
-1.589878350741089852e+00,-4.551893515644107602e-01,8.434895729449547186e-02,1.933329280679928208e-01,4.841176562723544657e-02,-1.669370760223695335e-02
-1.587945466868065925e+00,-4.547036418395700164e-01,8.418149090690613123e-02,1.932436954637429816e-01,4.873034994376085338e-02,-1.679961778951556337e-02
-1.586013479866042797e+00,-4.542147411481329278e-01,8.401296398033852864e-02,1.931535525887766447e-01,4.904995948081109641e-02,-1.690581548652790242e-02
-1.584082398876207831e+00,-4.537226392218730586e-01,8.384337363704578994e-02,1.930624917361275505e-01,4.937059744181055559e-02,-1.701230122221588162e-02
-1.582152233117147366e+00,-4.532273257605545225e-01,8.367271699402076268e-02,1.929705051329080878e-01,4.969226702517395844e-02,-1.711907551966922528e-02
-1.580222991885507966e+00,-4.527287904319838852e-01,8.350099116305530200e-02,1.928775849397714459e-01,5.001497142393221407e-02,-1.722613889597816167e-02
-1.578294684556664551e+00,-4.522270228720658980e-01,8.332819325080094430e-02,1.927837232503708531e-01,5.033871382535056588e-02,-1.733349186208362272e-02
-1.576367320585392751e+00,-4.517220126848631168e-01,8.315432035883121853e-02,1.926889120908158448e-01,5.066349741053884775e-02,-1.744113492262495957e-02
-1.574440909506547026e+00,-4.512137494426594619e-01,8.297936958370540073e-02,1.925931434191255898e-01,5.098932535405380218e-02,-1.754906857578510115e-02
-1.572515460935744347e+00,-4.507022226860276648e-01,8.280333801703387842e-02,1.924964091246793296e-01,5.131620082349325901e-02,-1.765729331313314540e-02
-1.570590984570053417e+00,-4.501874219239010988e-01,8.262622274554509705e-02,1.923987010276639875e-01,5.164412697908206396e-02,-1.776580961946432752e-02
-1.568667490188689451e+00,-4.496693366336493858e-01,8.244802085115407464e-02,1.923000108785188067e-01,5.197310697324963868e-02,-1.787461797263734456e-02
-1.566744987653714283e+00,-4.491479562611587206e-01,8.226872941103260950e-02,1.922003303573774080e-01,5.230314395019897145e-02,-1.798371884340898424e-02
-1.564823486910742245e+00,-4.486232702209161372e-01,8.208834549768116717e-02,1.920996510735069329e-01,5.263424104546700344e-02,-1.809311269526601637e-02
-1.562902997989651599e+00,-4.480952678960986035e-01,8.190686617900239108e-02,1.919979645647445221e-01,5.296640138547614035e-02,-1.820279998425432949e-02
-1.560983531005301961e+00,-4.475639386386662810e-01,8.172428851837638952e-02,1.918952622969312127e-01,5.329962808707684740e-02,-1.831278115880525040e-02
-1.559065096158256614e+00,-4.470292717694606122e-01,8.154060957473777127e-02,1.917915356633430601e-01,5.363392425708111977e-02,-1.842305665955901520e-02
-1.557147703735511479e+00,-4.464912565783071274e-01,8.135582640265442977e-02,1.916867759841199004e-01,5.396929299178670342e-02,-1.853362691918535032e-02
-1.555231364111229198e+00,-4.459498823241229704e-01,8.116993605240820087e-02,1.915809745056913094e-01,5.430573737649192073e-02,-1.864449236220112882e-02
-1.553316087747478758e+00,-4.454051382350293076e-01,8.098293557007725518e-02,1.914741224002004527e-01,5.464326048500092042e-02,-1.875565340478504983e-02
-1.551401885194982011e+00,-4.448570135084689015e-01,8.079482199762047512e-02,1.913662107649251876e-01,5.498186537911924077e-02,-1.886711045458930661e-02
-1.549488767093864405e+00,-4.443054973113285122e-01,8.060559237296363588e-02,1.912572306216970552e-01,5.532155510813947102e-02,-1.897886391054819794e-02
-1.547576744174412822e+00,-4.437505787800667401e-01,8.041524373008758497e-02,1.911471729163178590e-01,5.566233270831690699e-02,-1.909091416268364483e-02
-1.545665827257838743e+00,-4.431922470208470854e-01,8.022377309911830900e-02,1.910360285179740492e-01,5.600420120233499943e-02,-1.920326159190755347e-02
-1.543756027257047192e+00,-4.426304911096763384e-01,8.003117750641906836e-02,1.909237882186489710e-01,5.634716359876044967e-02,-1.931590656982101403e-02
-1.541847355177412116e+00,-4.420653000925484633e-01,7.983745397468453020e-02,1.908104427325329755e-01,5.669122289148780663e-02,-1.942884945851024517e-02
-1.539939822117556867e+00,-4.414966629855942015e-01,7.964259952303692769e-02,1.906959826954316151e-01,5.703638205917332948e-02,-1.954209061033928760e-02
-1.538033439270141134e+00,-4.409245687752363918e-01,7.944661116712434246e-02,1.905803986641717296e-01,5.738264406465804629e-02,-1.965563036773936706e-02
-1.536128217922653638e+00,-4.403490064183508967e-01,7.924948591922109653e-02,1.904636811160057563e-01,5.773001185437973137e-02,-1.976946906299488840e-02
-1.534224169458210829e+00,-4.397699648424338026e-01,7.905122078833030919e-02,1.903458204480143467e-01,5.807848835777372487e-02,-1.988360701802603311e-02
-1.532321305356362018e+00,-4.391874329457742809e-01,7.885181278028863261e-02,1.902268069765070957e-01,5.842807648666231701e-02,-1.999804454416788391e-02
-1.530419637193899618e+00,-4.386013995976340007e-01,7.865125889787322189e-02,1.901066309364217999e-01,5.877877913463263465e-02,-2.011278194194606253e-02
-1.528519176645675826e+00,-4.380118536384325911e-01,7.844955614091098095e-02,1.899852824807221063e-01,5.913059917640273860e-02,-2.022781950084880792e-02
-1.526619935485425961e+00,-4.374187838799394878e-01,7.824670150639008448e-02,1.898627516797937731e-01,5.948353946717581386e-02,-2.034315749909545654e-02
-1.524721925586596694e+00,-4.368221791054723857e-01,7.804269198857383127e-02,1.897390285208396254e-01,5.983760284198226531e-02,-2.045879620340127977e-02
-1.522825158923181155e+00,-4.362220280701024078e-01,7.783752457911687073e-02,1.896141029072732354e-01,6.019279211500949689e-02,-2.057473586873862295e-02
-1.520929647570559817e+00,-4.356183195008658249e-01,7.763119626718387178e-02,1.894879646581114352e-01,6.054911007891922853e-02,-2.069097673809431118e-02
-1.519035403706347376e+00,-4.350110420969827696e-01,7.742370403957057889e-02,1.893606035073658878e-01,6.090655950415210101e-02,-2.080751904222324228e-02
-1.517142439611246285e+00,-4.344001845300830555e-01,7.721504488082739370e-02,1.892320091034337681e-01,6.126514313821946472e-02,-2.092436299939816335e-02
-1.515250767669905185e+00,-4.337857354444389912e-01,7.700521577338544088e-02,1.891021710084875573e-01,6.162486370498205385e-02,-2.104150881515553032e-02
-1.513360400371785097e+00,-4.331676834572056323e-01,7.679421369768525685e-02,1.889710786978642254e-01,6.198572390391542120e-02,-2.115895668203744695e-02
-1.511471350312030060e+00,-4.325460171586683056e-01,7.658203563230801814e-02,1.888387215594538870e-01,6.234772640936191157e-02,-2.127670677932958637e-02
-1.509583630192345316e+00,-4.319207251124977387e-01,7.636867855410942041e-02,1.887050888930880410e-01,6.271087386976896549e-02,-2.139475927279509138e-02
-1.507697252821880385e+00,-4.312917958560129050e-01,7.615413943835626365e-02,1.885701699099274209e-01,6.307516890691353129e-02,-2.151311431440436350e-02
-1.505812231118119238e+00,-4.306592179004516407e-01,7.593841525886575738e-02,1.884339537318498459e-01,6.344061411511242587e-02,-2.163177204206070611e-02
-1.503928578107775804e+00,-4.300229797312491997e-01,7.572150298814757374e-02,1.882964293908380160e-01,6.380721206041845006e-02,-2.175073257932176596e-02
-1.502046306927696584e+00,-4.293830698083251352e-01,7.550339959754870378e-02,1.881575858283673908e-01,6.417496527980189047e-02,-2.186999603511672469e-02
-1.500165430825768142e+00,-4.287394765663780638e-01,7.528410205740120043e-02,1.880174118947944562e-01,6.454387628031742208e-02,-2.198956250345918129e-02
-1.498285963161831491e+00,-4.280921884151892565e-01,7.506360733717275247e-02,1.878758963487453804e-01,6.491394753825605046e-02,-2.210943206315566650e-02
-1.496407917408602906e+00,-4.274411937399343886e-01,7.484191240562027003e-02,1.877330278565053079e-01,6.528518149828189954e-02,-2.222960477750975800e-02
-1.494531307152599853e+00,-4.267864809015043948e-01,7.461901423094637054e-02,1.875887949914084030e-01,6.565758057255365043e-02,-2.235008069402172337e-02
-1.492656146095074021e+00,-4.261280382368348163e-01,7.439490978095895934e-02,1.874431862332289200e-01,6.603114713983040951e-02,-2.247085984408362866e-02
-1.490782448052949238e+00,-4.254658540592443083e-01,7.416959602323386358e-02,1.872961899675733288e-01,6.640588354456174180e-02,-2.259194224266988099e-02
-1.488910226959766936e+00,-4.247999166587825837e-01,7.394306992528054678e-02,1.871477944852737441e-01,6.678179209596170340e-02,-2.271332788802313957e-02
-1.487039496866636501e+00,-4.241302143025871829e-01,7.371532845471102935e-02,1.869979879817829649e-01,6.715887506706659515e-02,-2.283501676133553940e-02
-1.485170271943192288e+00,-4.234567352352501812e-01,7.348636857941201472e-02,1.868467585565710687e-01,6.753713469377624345e-02,-2.295700882642515844e-02
-1.483302566478556406e+00,-4.227794676791944983e-01,7.325618726772027689e-02,1.866940942125239755e-01,6.791657317387858606e-02,-2.307930402940771078e-02
-1.481436394882307495e+00,-4.220983998350597011e-01,7.302478148860129525e-02,1.865399828553441774e-01,6.829719266605722983e-02,-2.320190229836336868e-02
-1.479571771685455506e+00,-4.214135198820983530e-01,7.279214821183137285e-02,1.863844122929536051e-01,6.867899528888192495e-02,-2.332480354299867886e-02
-1.477708711541422471e+00,-4.207248159785821340e-01,7.255828440818300196e-02,1.862273702348992144e-01,6.906198311978153925e-02,-2.344800765430351402e-02
-1.475847229227029489e+00,-4.200322762622185069e-01,7.232318704961383793e-02,1.860688442917612095e-01,6.944615819399937995e-02,-2.357151450420299707e-02
-1.473987339643489269e+00,-4.193358888505778204e-01,7.208685310945907310e-02,1.859088219745643200e-01,6.983152250353069634e-02,-2.369532394520436347e-02
-1.472129057817403996e+00,-4.186356418415311809e-01,7.184927956262740500e-02,1.857472906941923241e-01,7.021807799604193323e-02,-2.381943581003865759e-02
-1.470272398901770528e+00,-4.179315233136993157e-01,7.161046338580059900e-02,1.855842377608059313e-01,7.060582657377165172e-02,-2.394384991129726303e-02
-1.468417378176990029e+00,-4.172235213269123166e-01,7.137040155763675620e-02,1.854196503832645226e-01,7.099477009241283998e-02,-2.406856604106317674e-02
-1.466564011051884053e+00,-4.165116239226807626e-01,7.112909105897724515e-02,1.852535156685518325e-01,7.138491035997628076e-02,-2.419358397053697138e-02
-1.464712313064715943e+00,-4.157958191246783897e-01,7.088652887305740835e-02,1.850858206212058488e-01,7.177624913563489251e-02,-2.431890344965739748e-02
-1.462862299884218453e+00,-4.150760949392363064e-01,7.064271198572112664e-02,1.849165521427533487e-01,7.216878812854861380e-02,-2.444452420671657314e-02
-1.461013987310626261e+00,-4.143524393558489782e-01,7.039763738563920015e-02,1.847456970311490421e-01,7.256252899666966460e-02,-2.457044594796968517e-02
-1.459167391276714687e+00,-4.136248403476925350e-01,7.015130206453172590e-02,1.845732419802200985e-01,7.295747334552801777e-02,-2.469666835723916334e-02
-1.457322527848843752e+00,-4.128932858721549581e-01,6.990370301739438907e-02,1.843991735791157827e-01,7.335362272699666453e-02,-2.482319109551327577e-02
-1.455479413228007779e+00,-4.121577638713790903e-01,6.965483724272887589e-02,1.842234783117630559e-01,7.375097863803650733e-02,-2.495001380053905177e-02
-1.453638063750890108e+00,-4.114182622728179695e-01,6.940470174277732496e-02,1.840461425563279796e-01,7.414954251942064423e-02,-2.507713608640952524e-02
-1.451798495890923357e+00,-4.106747689898032627e-01,6.915329352376094196e-02,1.838671525846836408e-01,7.454931575443775327e-02,-2.520455754314521180e-02
-1.449960726259355015e+00,-4.099272719221266348e-01,6.890060959612287483e-02,1.836864945618846001e-01,7.495029966757429940e-02,-2.533227773626976764e-02
-1.448124771606318362e+00,-4.091757589566344944e-01,6.864664697477529387e-02,1.835041545456484735e-01,7.535249552317536959e-02,-2.546029620637977817e-02
-1.446290648821908498e+00,-4.084202179678361744e-01,6.839140267935085726e-02,1.833201184858448129e-01,7.575590452408384468e-02,-2.558861246870862416e-02
-1.444458374937262812e+00,-4.076606368185258233e-01,6.813487373445853423e-02,1.831343722239917593e-01,7.616052781025761664e-02,-2.571722601268436673e-02
-1.442627967125647670e+00,-4.068970033604182857e-01,6.787705716994393845e-02,1.829469014927607440e-01,7.656636645736465685e-02,-2.584613630148159188e-02
-1.440799442703548872e+00,-4.061293054347990816e-01,6.761795002115406072e-02,1.827576919154896284e-01,7.697342147535560231e-02,-2.597534277156716281e-02
-1.438972819131767444e+00,-4.053575308731888760e-01,6.735754932920669236e-02,1.825667290057048364e-01,7.738169380701370725e-02,-2.610484483223984506e-02
-1.437148114016520095e+00,-4.045816674980224903e-01,6.709585214126441433e-02,1.823739981666525622e-01,7.779118432648177150e-02,-2.623464186516370408e-02
-1.435325345110544548e+00,-4.038017031233426812e-01,6.683285551081330489e-02,1.821794846908398047e-01,7.820189383776587899e-02,-2.636473322389527862e-02
-1.433504530314209102e+00,-4.030176255555092402e-01,6.656855649794642116e-02,1.819831737595853094e-01,7.861382307321568286e-02,-2.649511823340444661e-02
-1.431685687676626406e+00,-4.022294225939230805e-01,6.630295216965206850e-02,1.817850504425811975e-01,7.902697269198089014e-02,-2.662579618958892114e-02
-1.429868835396772120e+00,-4.014370820317661459e-01,6.603603960010698271e-02,1.815850996974653908e-01,7.944134327844382115e-02,-2.675676635878235926e-02
-1.428053991824607794e+00,-4.006405916567570835e-01,6.576781587097445259e-02,1.813833063694055558e-01,7.985693534062764110e-02,-2.688802797725600713e-02
-1.426241175462207078e+00,-3.998399392519227380e-01,6.549827807170748029e-02,1.811796551906947328e-01,8.027374930858018065e-02,-2.701958025071383648e-02
-1.424430404964886820e+00,-3.990351125963862988e-01,6.522742329985696530e-02,1.809741307803595101e-01,8.069178553273291532e-02,-2.715142235378114471e-02
-1.422621699142341711e+00,-3.982260994661714903e-01,6.495524866138513431e-02,1.807667176437808276e-01,8.111104428223492313e-02,-2.728355342948652826e-02
-1.420815076959781820e+00,-3.974128876350241368e-01,6.468175127098409194e-02,1.805574001723281308e-01,8.153152574326165414e-02,-2.741597258873723630e-02
-1.419010557539075679e+00,-3.965954648752502698e-01,6.440692825239965891e-02,1.803461626430074016e-01,8.195323001729808154e-02,-2.754867890978781111e-02
-1.417208160159894703e+00,-3.957738189585717770e-01,6.413077673876065032e-02,1.801329892181234571e-01,8.237615711939610952e-02,-2.768167143770199762e-02
-1.415407904260862049e+00,-3.949479376569995370e-01,6.385329387291342751e-02,1.799178639449570960e-01,8.280030697640601567e-02,-2.781494918380787718e-02
-1.413609809440704579e+00,-3.941178087437244293e-01,6.357447680776208421e-02,1.797007707554576506e-01,8.322567942518153961e-02,-2.794851112514617347e-02
-1.411813895459407497e+00,-3.932834199940263287e-01,6.329432270661404514e-02,1.794816934659515806e-01,8.365227421075853431e-02,-2.808235620391170279e-02
-1.410020182239372089e+00,-3.924447591862015305e-01,6.301282874353136831e-02,1.792606157768674713e-01,8.408009098450683338e-02,-2.821648332688790617e-02
-1.408228689866575678e+00,-3.916018141025087718e-01,6.272999210368772338e-02,1.790375212724782117e-01,8.450912930225511210e-02,-2.835089136487446010e-02
-1.406439438591735147e+00,-3.907545725301341255e-01,6.244580998373110842e-02,1.788123934206608534e-01,8.493938862238860354e-02,-2.848557915210790312e-02
-1.404652448831470890e+00,-3.899030222621750474e-01,6.216027959215241622e-02,1.785852155726747603e-01,8.537086830391925341e-02,-2.862054548567524725e-02
-1.402867741169475213e+00,-3.890471510986439063e-01,6.187339814965989171e-02,1.783559709629587153e-01,8.580356760452829967e-02,-2.875578912492055689e-02
-1.401085336357680511e+00,-3.881869468474911100e-01,6.158516288955954293e-02,1.781246427089476225e-01,8.623748567858088854e-02,-2.889130879084443257e-02
-1.399305255317430774e+00,-3.873223973256484931e-01,6.129557105814162354e-02,1.778912138109093599e-01,8.667262157511256004e-02,-2.902710316549642414e-02
-1.397527519140653762e+00,-3.864534903600925775e-01,6.100461991507320075e-02,1.776556671518025043e-01,8.710897423578745080e-02,-2.916317089136027940e-02
-1.395752149091034511e+00,-3.855802137889287606e-01,6.071230673379693354e-02,1.774179854971556780e-01,8.754654249282788070e-02,-2.929951057073205620e-02
-1.393979166605190612e+00,-3.847025554624961541e-01,6.041862880193606122e-02,1.771781514949690994e-01,8.798532506691526811e-02,-2.943612076509104919e-02
-1.392208593293847274e+00,-3.838205032444935716e-01,6.012358342170576880e-02,1.769361476756391161e-01,8.842532056506201277e-02,-2.957299999446352107e-02
-1.390440450943014161e+00,-3.829340450131271112e-01,5.982716791033092230e-02,1.766919564519063568e-01,8.886652747845426303e-02,-2.971014673677921381e-02
-1.388674761515162004e+00,-3.820431686622791645e-01,5.952937960047028493e-02,1.764455601188283651e-01,8.930894418026538717e-02,-2.984755942722062613e-02
-1.386911547150399215e+00,-3.811478621026996860e-01,5.923021584064726286e-02,1.761969408537773230e-01,8.975256892343985715e-02,-2.998523645756504680e-02
-1.385150830167649172e+00,-3.802481132632196670e-01,5.892967399568728448e-02,1.759460807164637541e-01,9.019739983844751730e-02,-3.012317617551932281e-02
-1.383392633065825716e+00,-3.793439100919873130e-01,5.862775144716186881e-02,1.756929616489869839e-01,9.064343493100794624e-02,-3.026137688404737999e-02
-1.381636978525009996e+00,-3.784352405577268708e-01,5.832444559383943156e-02,1.754375654759130210e-01,9.109067207978482905e-02,-3.039983684069045775e-02
-1.379883889407624409e+00,-3.775220926510210462e-01,5.801975385214295372e-02,1.751798739043807784e-01,9.153910903405015898e-02,-3.053855425688008912e-02
-1.378133388759606559e+00,-3.766044543856166271e-01,5.771367365661454057e-02,1.749198685242375484e-01,9.198874341131811627e-02,-3.067752729724379512e-02
-1.376385499811581425e+00,-3.756823137997539197e-01,5.740620246038695418e-02,1.746575308082043421e-01,9.243957269494851303e-02,-3.081675407890352783e-02
-1.374640245980031761e+00,-3.747556589575206099e-01,5.709733773566221665e-02,1.743928421120722605e-01,9.289159423171967911e-02,-3.095623267076685545e-02
-1.372897650868465824e+00,-3.738244779502296611e-01,5.678707697419733968e-02,1.741257836749304233e-01,9.334480522937063651e-02,-3.109596109281090315e-02
-1.371157738268583559e+00,-3.728887588978222478e-01,5.647541768779721499e-02,1.738563366194266768e-01,9.379920275411253450e-02,-3.123593731535906706e-02
-1.369420532161439441e+00,-3.719484899502955577e-01,5.616235740881481142e-02,1.735844819520618865e-01,9.425478372810913719e-02,-3.137615925835052222e-02
-1.367686056718602439e+00,-3.710036592891559626e-01,5.584789369065869952e-02,1.733102005635185627e-01,9.471154492692640536e-02,-3.151662479060254179e-02
-1.365954336303311978e+00,-3.700542551288979465e-01,5.553202410830797991e-02,1.730334732290250421e-01,9.516948297695100589e-02,-3.165733172906566584e-02
-1.364225395471631019e+00,-3.691002657185088465e-01,5.521474625883472653e-02,1.727542806087561111e-01,9.562859435277770714e-02,-3.179827783807174374e-02
-1.362499258973594252e+00,-3.681416793430000722e-01,5.489605776193393766e-02,1.724726032482708227e-01,9.608887537456568817e-02,-3.193946082857489210e-02
-1.360775951754351620e+00,-3.671784843249646935e-01,5.457595626046114756e-02,1.721884215789888650e-01,9.655032220536365062e-02,-3.208087835738540616e-02
-1.359055498955307861e+00,-3.662106690261621722e-01,5.425443942097773337e-02,1.719017159187062604e-01,9.701293084840369174e-02,-3.222252802639665598e-02
-1.357337925915255372e+00,-3.652382218491300181e-01,5.393150493430395875e-02,1.716124664721515314e-01,9.747669714436403565e-02,-3.236440738180507148e-02
-1.355623258171502199e+00,-3.642611312388233658e-01,5.360715051607989334e-02,1.713206533315832503e-01,9.794161676860053956e-02,-3.250651391332319562e-02
-1.353911521460993139e+00,-3.632793856842819746e-01,5.328137390733419382e-02,1.710262564774302774e-01,9.840768522834707210e-02,-3.264884505338592341e-02
-1.352202741721425516e+00,-3.622929737203257061e-01,5.295417287506090642e-02,1.707292557789754639e-01,9.887489785988469448e-02,-3.279139817634998955e-02
-1.350496945092356293e+00,-3.613018839292783113e-01,5.262554521280424918e-02,1.704296309950842914e-01,9.934324982567989404e-02,-3.293417059768673910e-02
-1.348794157916302527e+00,-3.603061049427198625e-01,5.229548874125154040e-02,1.701273617749791967e-01,9.981273611149171776e-02,-3.307715957316829936e-02
-1.347094406739834271e+00,-3.593056254432687169e-01,5.196400130883429419e-02,1.698224276590609705e-01,1.002833515234480832e-01,-3.322036229804723600e-02
-1.345397718314657709e+00,-3.583004341663922898e-01,5.163108079233753867e-02,1.695148080797783674e-01,1.007550906850912947e-01,-3.336377590622974926e-02
-1.343704119598690516e+00,-3.572905199022479716e-01,5.129672509751743992e-02,1.692044823625468986e-01,1.012279480343928895e-01,-3.350739746944254166e-02
-1.342013637757127675e+00,-3.562758714975537977e-01,5.096093215972729434e-02,1.688914297267182785e-01,1.017019178207380220e-01,-3.365122399639346173e-02
-1.340326300163496409e+00,-3.552564778574896498e-01,5.062369994455192396e-02,1.685756292866015527e-01,1.021769941018795397e-01,-3.379525243192599282e-02
-1.338642134400701567e+00,-3.542323279476287667e-01,5.028502644845058572e-02,1.682570600525371829e-01,1.026531707408619015e-01,-3.393947965616776752e-02
-1.336961168262060129e+00,-3.532034107959004521e-01,4.994490969940841574e-02,1.679357009320252836e-01,1.031304414029152045e-01,-3.408390248367318409e-02
-1.335283429752323059e+00,-3.521697154945838126e-01,4.960334775759645681e-02,1.676115307309094804e-01,1.036087995523195665e-01,-3.422851766256027051e-02
-1.333608947088686048e+00,-3.511312312023330828e-01,4.926033871604038050e-02,1.672845281546172513e-01,1.040882384492401308e-01,-3.437332187364194880e-02
-1.331937748701787383e+00,-3.500879471462347015e-01,4.891588070129789662e-02,1.669546718094585269e-01,1.045687511465328845e-01,-3.451831172955183852e-02
-1.330269863236692052e+00,-3.490398526238965848e-01,4.856997187414492656e-02,1.666219402039835484e-01,1.050503304865217924e-01,-3.466348377386474500e-02
-1.328605319553862518e+00,-3.479869370055695410e-01,4.822261043027062377e-02,1.662863117504013166e-01,1.055329690977474394e-01,-3.480883448021202670e-02
-1.326944146730114626e+00,-3.469291897363015464e-01,4.787379460098126205e-02,1.659477647660602129e-01,1.060166593916875566e-01,-3.495436025139197350e-02
-1.325286374059558847e+00,-3.458666003381248855e-01,4.752352265391300568e-02,1.656062774749918476e-01,1.065013935594499722e-01,-3.510005741847542493e-02
-1.323632031054525093e+00,-3.447991584122764852e-01,4.717179289375370704e-02,1.652618280095197456e-01,1.069871635684382372e-01,-3.524592223990677398e-02
-1.321981147446471550e+00,-3.437268536414517794e-01,4.681860366297365544e-02,1.649143944119341176e-01,1.074739611589905081e-01,-3.539195090060060639e-02
-1.320333753186876402e+00,-3.426496757920922676e-01,4.646395334256543663e-02,1.645639546362341887e-01,1.079617778409920625e-01,-3.553813951103412805e-02
-1.318689878448112029e+00,-3.415676147167070464e-01,4.610784035279283377e-02,1.642104865499394717e-01,1.084506048904621267e-01,-3.568448410633565798e-02
-1.317049553624300096e+00,-3.404806603562286482e-01,4.575026315394891546e-02,1.638539679359714563e-01,1.089404333461154312e-01,-3.583098064536936050e-02
-1.315412809332147992e+00,-3.393888027424034060e-01,4.539122024712324843e-02,1.634943764946071298e-01,1.094312540058991340e-01,-3.597762500981652178e-02
-1.313779676411764852e+00,-3.382920320002165138e-01,4.503071017497834588e-02,1.631316898455057729e-01,1.099230574235057212e-01,-3.612441300325355820e-02
-1.312150185927458024e+00,-3.371903383503522256e-01,4.466873152253533069e-02,1.627658855298105556e-01,1.104158339048625370e-01,-3.627134035022707564e-02
-1.310524369168506675e+00,-3.360837121116889703e-01,4.430528291796886897e-02,1.623969410123263790e-01,1.109095735045987352e-01,-3.641840269532617413e-02
-1.308902257649914302e+00,-3.349721437038302163e-01,4.394036303341140870e-02,1.620248336837754044e-01,1.114042660224901643e-01,-3.656559560225239314e-02
-1.307283883113137923e+00,-3.338556236496708629e-01,4.357397058576669563e-02,1.616495408631319630e-01,1.118999009998832145e-01,-3.671291455288749894e-02
-1.305669277526793293e+00,-3.327341425779993811e-01,4.320610433753264978e-02,1.612710398000381795e-01,1.123964677160982639e-01,-3.686035494635945403e-02
-1.304058473087336578e+00,-3.316076912261363141e-01,4.283676309763358170e-02,1.608893076773018072e-01,1.128939551848136130e-01,-3.700791209810689458e-02
-1.302451502219718726e+00,-3.304762604426086936e-01,4.246594572226176229e-02,1.605043216134780792e-01,1.133923521504308501e-01,-3.715558123894246306e-02
-1.300848397578015625e+00,-3.293398411898612044e-01,4.209365111572836715e-02,1.601160586655367979e-01,1.138916470844225232e-01,-3.730335751411529427e-02
-1.299249192046030066e+00,-3.281984245470037087e-01,4.171987823132380924e-02,1.597244958316163810e-01,1.143918281816631438e-01,-3.745123598237305035e-02
-1.297653918737865508e+00,-3.270520017125956302e-01,4.134462607218744590e-02,1.593296100538664495e-01,1.148928833567445101e-01,-3.759921161502387255e-02
-1.296062610998471865e+00,-3.259005640074673082e-01,4.096789369218665350e-02,1.589313782213804260e-01,1.153948002402764295e-01,-3.774727929499863827e-02
-1.294475302404160644e+00,-3.247441028775783778e-01,4.058968019680528339e-02,1.585297771732196992e-01,1.158975661751740216e-01,-3.789543381591388427e-02
-1.292892026763090341e+00,-3.235826098969132869e-01,4.020998474404151313e-02,1.581247837015311020e-01,1.164011682129326569e-01,-3.804366988113586090e-02
-1.291312818115718741e+00,-3.224160767704142283e-01,3.982880654531498199e-02,1.577163745547590368e-01,1.169055931098917922e-01,-3.819198210284611983e-02
-1.289737710735224363e+00,-3.212444953369513745e-01,3.944614486638334250e-02,1.573045264409539401e-01,1.174108273234890365e-01,-3.834036500110905160e-02
-1.288166739127892590e+00,-3.200678575723305830e-01,3.906199902826804765e-02,1.568892160311787520e-01,1.179168570085056822e-01,-3.848881300294190733e-02
-1.286599938033468948e+00,-3.188861555923390156e-01,3.867636840818949179e-02,1.564704199630147230e-01,1.184236680133050751e-01,-3.863732044138766530e-02
-1.285037342425475515e+00,-3.176993816558278394e-01,3.828925244051135240e-02,1.560481148441683896e-01,1.189312458760652946e-01,-3.878588155459133935e-02
-1.283478987511491143e+00,-3.165075281678331742e-01,3.790065061769418153e-02,1.556222772561811352e-01,1.194395758210075875e-01,-3.893449048488014513e-02
-1.281924908733394153e+00,-3.153105876827344001e-01,3.751056249125817033e-02,1.551928837582428611e-01,1.199486427546220813e-01,-3.908314127784809355e-02
-1.280375141767566616e+00,-3.141085529074503224e-01,3.711898767275503136e-02,1.547599108911114907e-01,1.204584312618924014e-01,-3.923182788144553845e-02
-1.278829722525058443e+00,-3.129014167046733075e-01,3.672592583474895700e-02,1.543233351811396648e-01,1.209689256025208159e-01,-3.938054414507419915e-02
-1.277288687151710844e+00,-3.116891720961407208e-01,3.633137671180662609e-02,1.538831331444103223e-01,1.214801097071556008e-01,-3.952928381868827529e-02
-1.275752072028237816e+00,-3.104718122659444468e-01,3.593534010149612018e-02,1.534392812909825543e-01,1.219919671736224703e-01,-3.967804055190218837e-02
-1.274219913770265000e+00,-3.092493305638778778e-01,3.553781586539477011e-02,1.529917561292494510e-01,1.225044812631617408e-01,-3.982680789310558828e-02
-1.272692249228323469e+00,-3.080217205088206511e-01,3.513880393010580111e-02,1.525405341704091089e-01,1.230176348966733058e-01,-3.997557928858622156e-02
-1.271169115487799539e+00,-3.067889757921606897e-01,3.473830428828367928e-02,1.520855919330506290e-01,1.235314106509712573e-01,-4.012434808166129990e-02
-1.269650549868837075e+00,-3.055510902812537677e-01,3.433631699966815248e-02,1.516269059478562997e-01,1.240457907550502059e-01,-4.027310751181805565e-02
-1.268136589926192714e+00,-3.043080580229202692e-01,3.393284219212677755e-02,1.511644527624216860e-01,1.245607570863653119e-01,-4.042185071386408812e-02
-1.266627273449041802e+00,-3.030598732469791945e-01,3.352788006270593368e-02,1.506982089461946783e-01,1.250762911671283450e-01,-4.057057071708825013e-02
-1.265122638460735027e+00,-3.018065303698190260e-01,3.312143087869016955e-02,1.502281510955352228e-01,1.255923741606217725e-01,-4.071926044443276854e-02
-1.263622723218503330e+00,-3.005480239980053425e-01,3.271349497866974515e-02,1.497542558388970102e-01,1.261089868675333292e-01,-4.086791271167731360e-02
-1.262127566213110619e+00,-2.992843489319250150e-01,3.230407277361629220e-02,1.492764998421323153e-01,1.266261097223132792e-01,-4.101652022663574565e-02
-1.260637206168452984e+00,-2.980155001694666517e-01,3.189316474796641959e-02,1.487948598139215151e-01,1.271437227895569066e-01,-4.116507558836637881e-02
-1.259151682041101949e+00,-2.967414729097371806e-01,3.148077146071318055e-02,1.483093125113284227e-01,1.276618057604146372e-01,-4.131357128639641385e-02
-1.257671033019793327e+00,-2.954622625568140704e-01,3.106689354650517959e-02,1.478198347454827422e-01,1.281803379490324135e-01,-4.146199969996149787e-02
-1.256195298524856785e+00,-2.941778647235331334e-01,3.065153171675322891e-02,1.473264033873907530e-01,1.286992982890248771e-01,-4.161035309726108383e-02
-1.254724518207588346e+00,-2.928882752353111352e-01,3.023468676074437742e-02,1.468289953738755871e-01,1.292186653299840504e-01,-4.175862363473052674e-02
-1.253258731949560945e+00,-2.915934901340035412e-01,2.981635954676310069e-02,1.463275877136478997e-01,1.297384172340265152e-01,-4.190680335633074211e-02
-1.251797979861875465e+00,-2.902935056817961823e-01,2.939655102321952693e-02,1.458221574935082976e-01,1.302585317723815306e-01,-4.205488419285630108e-02
-1.250342302284347840e+00,-2.889883183651311693e-01,2.897526221978448738e-02,1.453126818846824375e-01,1.307789863220233662e-01,-4.220285796126284350e-02
-1.248891739784632859e+00,-2.876779248986659487e-01,2.855249424853117599e-02,1.447991381492897411e-01,1.312997578623506245e-01,-4.235071636401479406e-02
-1.247446333157282039e+00,-2.863623222292655535e-01,2.812824830508323451e-02,1.442815036469465850e-01,1.318208229719157742e-01,-4.249845098845420055e-02
-1.246006123422735534e+00,-2.850415075400270504e-01,2.770252566976904793e-02,1.437597558415049659e-01,1.323421578252078901e-01,-4.264605330619178347e-02
-1.244571151826245003e+00,-2.837154782543362397e-01,2.727532770878199689e-02,1.432338723079274179e-01,1.328637381894918479e-01,-4.279351467252103663e-02
-1.243141459836727636e+00,-2.823842320399552741e-01,2.684665587534646597e-02,1.427038307392987371e-01,1.333855394217073886e-01,-4.294082632585647513e-02
-1.241717089145549568e+00,-2.810477668131412532e-01,2.641651171088933714e-02,1.421696089539752905e-01,1.339075364654311873e-01,-4.308797938719699516e-02
-1.240298081665236918e+00,-2.797060807427946827e-01,2.598489684621671861e-02,1.416311849028726311e-01,1.344297038479055351e-01,-4.323496485961535879e-02
-1.238884479528112648e+00,-2.783591722546375213e-01,2.555181300269564540e-02,1.410885366768916960e-01,1.349520156771371326e-01,-4.338177362777491386e-02
-1.237476325084859274e+00,-2.770070400354195939e-01,2.511726199344048102e-02,1.405416425144841996e-01,1.354744456390694352e-01,-4.352839645747452746e-02
-1.236073660903005411e+00,-2.756496830371530926e-01,2.468124572450370105e-02,1.399904808093574982e-01,1.359969669948323245e-01,-4.367482399522291253e-02
-1.234676529765333264e+00,-2.742871004813741687e-01,2.424376619607080882e-02,1.394350301183191754e-01,1.365195525780728558e-01,-4.382104676784336766e-02
-1.233284974668208411e+00,-2.729192918634306686e-01,2.380482550365902936e-02,1.388752691692616559e-01,1.370421747923707689e-01,-4.396705518211010966e-02
-1.231899038819828540e+00,-2.715462569567954620e-01,2.336442583931948661e-02,1.383111768692868171e-01,1.375648056087427629e-01,-4.411283952441728134e-02
-1.230518765638389356e+00,-2.701679958174041385e-01,2.292256949284251014e-02,1.377427323129706838e-01,1.380874165632393069e-01,-4.425838996048185592e-02
-1.229144198750169004e+00,-2.687845087880162409e-01,2.247925885296575554e-02,1.371699147907680105e-01,1.386099787546381801e-01,-4.440369653508154796e-02
-1.227775381987525671e+00,-2.673957965025991479e-01,2.203449640858475694e-02,1.365927037975565861e-01,1.391324628422387077e-01,-4.454874917182892469e-02
-1.226412359386811035e+00,-2.660018598907333831e-01,2.158828474996554725e-02,1.360110790413210646e-01,1.396548390437608866e-01,-4.469353767298298030e-02
-1.225055175186194223e+00,-2.646027001820385194e-01,2.114062656995897502e-02,1.354250204519756307e-01,1.401770771333535059e-01,-4.483805171929929750e-02
-1.223703873823398514e+00,-2.631983189106184562e-01,2.069152466521633274e-02,1.348345081903253029e-01,1.406991464397157332e-01,-4.498228086992010072e-02
-1.222358499933346998e+00,-2.617887179195246272e-01,2.024098193740585250e-02,1.342395226571648503e-01,1.412210158443364116e-01,-4.512621456230540146e-02
-1.221019098345716092e+00,-2.603738993652365830e-01,1.978900139442971162e-02,1.336400445025149042e-01,1.417426537798552877e-01,-4.526984211220652643e-02
-1.219685714082396899e+00,-2.589538657221580609e-01,1.933558615164106612e-02,1.330360546349940443e-01,1.422640282285509983e-01,-4.541315271368328438e-02
-1.218358392354862207e+00,-2.575286197871276550e-01,1.888073943306068508e-02,1.324275342313260273e-01,1.427851067209600366e-01,-4.555613543916603447e-02
-1.217037178561436450e+00,-2.560981646839424752e-01,1.842446457259275597e-02,1.318144647459809082e-01,1.433058563346313596e-01,-4.569877923956399551e-02
-1.215722118284470188e+00,-2.546625038678937969e-01,1.796676501523934710e-02,1.311968279209487220e-01,1.438262436930213273e-01,-4.584107294442104491e-02
-1.214413257287415338e+00,-2.532216411303128134e-01,1.750764431831308698e-02,1.305746057956442552e-01,1.443462349645334986e-01,-4.598300526212037442e-02
-1.213110641511800702e+00,-2.517755806031254928e-01,1.704710615264752940e-02,1.299477807169414911e-01,1.448657958617082520e-01,-4.612456478013927941e-02
-1.211814317074106695e+00,-2.503243267634143732e-01,1.658515430380473610e-02,1.293163353493356205e-01,1.453848916405666714e-01,-4.626573996535543465e-02
-1.210524330262537696e+00,-2.488678844379866584e-01,1.612179267327951138e-02,1.286802526852310891e-01,1.459034871001138045e-01,-4.640651916440598213e-02
-1.209240727533691606e+00,-2.474062588079459224e-01,1.565702527969979260e-02,1.280395160553532696e-01,1.464215465820060125e-01,-4.654689060410078377e-02
-1.207963555509123266e+00,-2.459394554132667277e-01,1.519085626002262927e-02,1.273941091392818969e-01,1.469390339703871839e-01,-4.668684239189115071e-02
-1.206692860971803283e+00,-2.444674801573697709e-01,1.472328987072518171e-02,1.267440159761033802e-01,1.474559126918989771e-01,-4.682636251639545749e-02
-1.205428690862469177e+00,-2.429903393116961408e-01,1.425433048899018423e-02,1.260892209751799942e-01,1.479721457158698350e-01,-4.696543884798289048e-02
-1.204171092275867716e+00,-2.415080395202787444e-01,1.378398261388526745e-02,1.254297089270326737e-01,1.484876955546877986e-01,-4.710405913941682204e-02
-1.202920112456889346e+00,-2.400205878043090157e-01,1.331225086753555324e-02,1.247654650143348587e-01,1.490025242643620573e-01,-4.724221102655899035e-02
-1.201675798796590700e+00,-2.385279915666971562e-01,1.283913999628888240e-02,1.240964748230140580e-01,1.495165934452783452e-01,-4.737988202913597652e-02
-1.200438198828105874e+00,-2.370302585966237441e-01,1.236465487187307817e-02,1.234227243534579549e-01,1.500298642431530938e-01,-4.751705955156924899e-02
-1.199207360222446228e+00,-2.355273970740807687e-01,1.188880049254457082e-02,1.227442000318215432e-01,1.505422973501912842e-01,-4.765373088387010736e-02
-1.197983330784184952e+00,-2.340194155744001470e-01,1.141158198422775188e-02,1.220608887214316290e-01,1.510538530064532148e-01,-4.778988320260087880e-02
-1.196766158447028383e+00,-2.325063230727674179e-01,1.093300460164437458e-02,1.213727777342847314e-01,1.515644910014350422e-01,-4.792550357190369925e-02
-1.195555891269270976e+00,-2.309881289487185629e-01,1.045307372943233074e-02,1.206798548426344792e-01,1.520741706758681200e-01,-4.806057894459813545e-02
-1.194352577429135254e+00,-2.294648429906177567e-01,9.971794883253091296e-03,1.199821082906640940e-01,1.525828509237420472e-01,-4.819509616334902158e-02
-1.193156265219992962e+00,-2.279364754001136639e-01,9.489173710887120056e-03,1.192795268062394887e-01,1.530904901945565610e-01,-4.832904196190571100e-02
-1.191967003045469653e+00,-2.264030367965721713e-01,9.005215993316526696e-03,1.185720996127383881e-01,1.535970464958070214e-01,-4.846240296641410317e-02
-1.190784839414430030e+00,-2.248645382214830013e-01,8.519927645794237586e-03,1.178598164409505045e-01,1.541024773957084537e-01,-4.859516569680260439e-02
-1.189609822935843830e+00,-2.233209911428378491e-01,8.033314718898922763e-03,1.171426675410436047e-01,1.546067400261630087e-01,-4.872731656824332708e-02
-1.188442002313532253e+00,-2.217724074594776273e-01,7.545383399574942702e-03,1.164206436945902645e-01,1.551097910859756401e-01,-4.885884189268969308e-02
-1.187281426340793589e+00,-2.202187995054064040e-01,7.056140012156516053e-03,1.156937362266496766e-01,1.556115868443226635e-01,-4.898972788049163474e-02
-1.186128143894907172e+00,-2.186601800540691476e-01,6.565591019375355449e-03,1.149619370178988076e-01,1.561120831444780810e-01,-4.911996064208958013e-02
-1.184982203931517208e+00,-2.170965623225911134e-01,6.073743023350959558e-03,1.142252385168068401e-01,1.566112354078020019e-01,-4.924952618978831881e-02
-1.183843655478892920e+00,-2.155279599759759301e-01,5.580602766562762530e-03,1.134836337518468075e-01,1.571089986379959891e-01,-4.937841043961183757e-02
-1.182712547632068345e+00,-2.139543871312597212e-01,5.086177132803327249e-03,1.127371163437378976e-01,1.576053274256295211e-01,-4.950659921324026408e-02
-1.181588929546857347e+00,-2.123758583616187079e-01,4.590473148111752326e-03,1.119856805177118358e-01,1.581001759529421513e-01,-4.963407824002986218e-02
-1.180472850433748278e+00,-2.107923887004273245e-01,4.093497981686461049e-03,1.112293211157964201e-01,1.585934979989254978e-01,-4.976083315911714045e-02
-1.179364359551673846e+00,-2.092039936452640414e-01,3.595258946776525282e-03,1.104680336091091869e-01,1.590852469446892292e-01,-4.988684952160798991e-02
-1.178263506201658872e+00,-2.076106891618622052e-01,3.095763501550666957e-03,1.097018141101538530e-01,1.595753757791150973e-01,-5.001211279285278088e-02
-1.177170339720344794e+00,-2.060124916880028967e-01,2.595019249943077578e-03,1.089306593851118998e-01,1.600638371048029029e-01,-5.013660835480827915e-02
-1.176084909473392059e+00,-2.044094181373466712e-01,2.093033942475178849e-03,1.081545668661217097e-01,1.605505831443121978e-01,-5.026032150848721430e-02
-1.175007264848758615e+00,-2.028014859032015449e-01,1.589815477052447740e-03,1.073735346635371485e-01,1.610355657467033574e-01,-5.038323747649624956e-02
-1.173937455249856709e+00,-2.011887128622241172e-01,1.085371899735415634e-03,1.065875615781573804e-01,1.615187363943813292e-01,-5.050534140566308172e-02
-1.172875530088587803e+00,-1.995711173780504721e-01,5.797114054839492669e-04,1.057966471134195591e-01,1.620000462102456906e-01,-5.062661836975333035e-02
-1.171821538778255123e+00,-1.979487183048543042e-01,7.284233887391042359e-05,1.050007914875457221e-01,1.624794459651498768e-01,-5.074705337227782692e-02
-1.170775530726355207e+00,-1.963215349908287444e-01,-4.352268052147116768e-04,1.041999956456350351e-01,1.629568860856726031e-01,-5.086663134939081732e-02
-1.169737555327249323e+00,-1.946895872815889716e-01,-9.444873809391057112e-04,1.033942612716922949e-01,1.634323166622043411e-01,-5.098533717287962591e-02
-1.168707661954713872e+00,-1.930528955234923072e-01,-1.454930590865299942e-03,1.025835908005835045e-01,1.639056874573513456e-01,-5.110315565324608650e-02
-1.167685899954373330e+00,-1.914114805668727104e-01,-1.966547485371099128e-03,1.017679874299090015e-01,1.643769479146595935e-01,-5.122007154288020503e-02
-1.166672318636012839e+00,-1.897653637691864292e-01,-2.479328962081218338e-03,1.009474551317844637e-01,1.648460471676607697e-01,-5.133606953932621370e-02
-1.165666967265775344e+00,-1.881145669980655577e-01,-2.993265765335542498e-03,1.001219986645199428e-01,1.653129340492422716e-01,-5.145113428864132171e-02
-1.164669895058241700e+00,-1.864591126342762528e-01,-3.508348485691435530e-03,9.929162358418687495e-02,1.657775571013427596e-01,-5.156525038884718359e-02
-1.163681151168395100e+00,-1.847990235745784471e-01,-4.024567559461030182e-03,9.845633625606294015e-02,1.662398645849750001e-01,-5.167840239347420983e-02
-1.162700784683472932e+00,-1.831343232344835592e-01,-4.541913268284422309e-03,9.761614386594416604e-02,1.666998044905767251e-01,-5.179057481519862977e-02
-1.161728844614705380e+00,-1.814650355509071500e-01,-5.060375738739701992e-03,9.677105443131392426e-02,1.671573245486908110e-01,-5.190175212957218870e-02
-1.160765379888943460e+00,-1.797911849847130539e-01,-5.579944941990740495e-03,9.592107681235792493e-02,1.676123722409751104e-01,-5.201191877884430576e-02
-1.159810439340177579e+00,-1.781127965231459054e-01,-6.100610693473663276e-03,9.506622072281442626e-02,1.680648948115425201e-01,-5.212105917587631781e-02
-1.158864071700948184e+00,-1.764298956821483966e-01,-6.622362652622921543e-03,9.420649674064862644e-02,1.685148392786312288e-01,-5.222915770814750419e-02
-1.157926325593651384e+00,-1.747425085085603513e-01,-7.145190322637884339e-03,9.334191631853999693e-02,1.689621524466047575e-01,-5.233619874185230225e-02
-1.156997249521739990e+00,-1.730506615821961192e-01,-7.669083050290851494e-03,9.247249179417132980e-02,1.694067809182814577e-01,-5.244216662608822827e-02
-1.156076891860822853e+00,-1.713543820177969856e-01,-8.194030025777402498e-03,9.159823640030813341e-02,1.698486711075924971e-01,-5.254704569713372631e-02
-1.155165300849664511e+00,-1.696536974668553521e-01,-8.720020282609961676e-03,9.071916427465676058e-02,1.702877692525669728e-01,-5.265082028281523052e-02
-1.154262524581087579e+00,-1.679486361193075483e-01,-9.247042697555489521e-03,8.983529046948975083e-02,1.707240214286428193e-01,-5.275347470696250402e-02
-1.153368610992779875e+00,-1.662392267050918082e-01,-9.775085990618149340e-03,8.894663096102661815e-02,1.711573735623014292e-01,-5.285499329395124124e-02
-1.152483607858009185e+00,-1.645254984955683009e-01,-1.030413872506784172e-02,8.805320265855844097e-02,1.715877714450239067e-01,-5.295536037333190005e-02
-1.151607562776248095e+00,-1.628074813047980240e-01,-1.083418930751545335e-02,8.715502341330430558e-02,1.720151607475660649e-01,-5.305456028454345885e-02
-1.150740523163711337e+00,-1.610852054906774244e-01,-1.136522598803565640e-02,8.625211202698776503e-02,1.724394870345495323e-01,-5.315257738171083601e-02
-1.149882536243809428e+00,-1.593587019559253859e-01,-1.189723686033810138e-02,8.534448826012148992e-02,1.728606957793652477e-01,-5.324939603852446579e-02
-1.149033649037520144e+00,-1.576280021489198102e-01,-1.243020986198780514e-02,8.443217283998809275e-02,1.732787323793859025e-01,-5.334500065320055273e-02
-1.148193908353682735e+00,-1.558931380643804043e-01,-1.296413277467553700e-02,8.351518746830524642e-02,1.736935421714830008e-01,-5.343937565352026992e-02
-1.147363360779216412e+00,-1.541541422438949260e-01,-1.349899322453899236e-02,8.259355482856316211e-02,1.741050704478440958e-01,-5.353250550194611074e-02
-1.146542052669267342e+00,-1.524110477762856408e-01,-1.403477868253549810e-02,8.166729859302256089e-02,1.745132624720852343e-01,-5.362437470081352769e-02
-1.145730030137287248e+00,-1.506638882978132699e-01,-1.457147646486700934e-02,8.073644342936125984e-02,1.749180634956533920e-01,-5.371496779759577650e-02
-1.144927339045047621e+00,-1.489126979922155425e-01,-1.510907373345810219e-02,7.980101500695756245e-02,1.753194187745129307e-01,-5.380426939023986999e-02
-1.144134024992592868e+00,-1.471575115905773279e-01,-1.564755749648768721e-02,7.886104000279878234e-02,1.757172735861102508e-01,-5.389226413257129644e-02
-1.143350133308136618e+00,-1.453983643710299589e-01,-1.618691460897509274e-02,7.791654610700328443e-02,1.761115732466098371e-01,-5.397893673976517787e-02
-1.142575709037903842e+00,-1.436352921582767228e-01,-1.672713177342118052e-02,7.696756202794435842e-02,1.765022631283947596e-01,-5.406427199388132154e-02
-1.141810796935924799e+00,-1.418683313229420762e-01,-1.726819554050512684e-02,7.601411749696478093e-02,1.768892886778243856e-01,-5.414825474946054901e-02
-1.141055441453783459e+00,-1.400975187807421141e-01,-1.781009230983746083e-02,7.505624327267057527e-02,1.772725954332412257e-01,-5.423086993917947823e-02
-1.140309686730325067e+00,-1.383228919914735733e-01,-1.835280833076992704e-02,7.409397114479301938e-02,1.776521290432190314e-01,-5.431210257956097659e-02
-1.139573576581327297e+00,-1.365444889578194820e-01,-1.889632970326272227e-02,7.312733393760793843e-02,1.780278352850430956e-01,-5.439193777673719671e-02
-1.138847154489140090e+00,-1.347623482239685699e-01,-1.944064237880960971e-02,7.215636551290151302e-02,1.783996600834140966e-01,-5.447036073226212832e-02
-1.138130463592297303e+00,-1.329765088740467172e-01,-1.998573216142139966e-02,7.118110077247223610e-02,1.787675495293656325e-01,-5.454735674897040476e-02
-1.137423546675106145e+00,-1.311870105303582779e-01,-2.053158470866821642e-02,7.020157566015858275e-02,1.791314498993857307e-01,-5.462291123687899180e-02
-1.136726446157218406e+00,-1.293938933514350020e-01,-2.107818553278101303e-02,6.921782716338251151e-02,1.794913076747320924e-01,-5.469700971912830334e-02
-1.136039204083189036e+00,-1.275971980298910846e-01,-2.162552000181264950e-02,6.822989331419901382e-02,1.798470695609301340e-01,-5.476963783795914253e-02
-1.135361862112027387e+00,-1.257969657900822047e-01,-2.217357334085892293e-02,6.723781318984221878e-02,1.801986825074428367e-01,-5.484078136072178394e-02
-1.134694461506743579e+00,-1.239932383855671671e-01,-2.272233063333982742e-02,6.624162691275904680e-02,1.805460937275009392e-01,-5.491042618591331775e-02
-1.134037043123899302e+00,-1.221860580963704535e-01,-2.327177682234130712e-02,6.524137565012146089e-02,1.808892507180814013e-01,-5.497855834923945362e-02
-1.133389647403164835e+00,-1.203754677260442801e-01,-2.382189671201774203e-02,6.423710161280900277e-02,1.812281012800219249e-01,-5.504516402969661382e-02
-1.132752314356889611e+00,-1.185615105985289158e-01,-2.437267496905533293e-02,6.322884805385339813e-02,1.815625935382589040e-01,-5.511022955567027037e-02
-1.132125083559690104e+00,-1.167442305548100356e-01,-2.492409612419654169e-02,6.221665926633766774e-02,1.818926759621756484e-01,-5.517374141104530033e-02
-1.131507994138062800e+00,-1.149236719493720721e-01,-2.547614457382565978e-02,6.120058058074236834e-02,1.822182973860475563e-01,-5.523568624132396687e-02
-1.130901084760025599e+00,-1.130998796464467437e-01,-2.602880458161559510e-02,6.018065836173213529e-02,1.825394070295704996e-01,-5.529605085974716172e-02
-1.130304393624794068e+00,-1.112728990160559289e-01,-2.658206028023585993e-02,5.915694000437615035e-02,1.828559545184582913e-01,-5.535482225341437079e-02
-1.129717958452499227e+00,-1.094427759298482322e-01,-2.713589567312173559e-02,5.812947392979649769e-02,1.831678899050948328e-01,-5.541198758939776953e-02
-1.129141816473950843e+00,-1.076095567567288691e-01,-2.769029463630452020e-02,5.709830958023900949e-02,1.834751636892261450e-01,-5.546753422084579194e-02
-1.128576004420453138e+00,-1.057732883582824523e-01,-2.824524092030275893e-02,5.606349741356158461e-02,1.837777268386775187e-01,-5.552144969307139244e-02
-1.128020558513679106e+00,-1.039340180839886107e-01,-2.880071815207424155e-02,5.502508889713551149e-02,1.840755308100801846e-01,-5.557372174962019878e-02
-1.127475514455608119e+00,-1.020917937662302738e-01,-2.935670983702856618e-02,5.398313650115590251e-02,1.843685275695919890e-01,-5.562433833831365720e-02
-1.126940907418533255e+00,-1.002466637150948997e-01,-2.991319936109999855e-02,5.293769369135775671e-02,1.846566696135965580e-01,-5.567328761726221542e-02
-1.126416772035145453e+00,-9.839867671296886886e-02,-3.047016999288027286e-02,5.188881492113493754e-02,1.849399099893643261e-01,-5.572055796084356832e-02
-1.125903142388698264e+00,-9.654788200892555627e-02,-3.102760488581100123e-02,5.083655562305969960e-02,1.852182023156597468e-01,-5.576613796564085929e-02
-1.125400052003261209e+00,-9.469432931290758249e-02,-3.158548708043522335e-02,4.978097219980111982e-02,1.854915008032778367e-01,-5.581001645633582031e-02
-1.124907533834067053e+00,-9.283806878970424226e-02,-3.214379950670766956e-02,4.872212201444141300e-02,1.857597602754934851e-01,-5.585218249155161213e-02
-1.124425620257958114e+00,-9.097915105272486036e-02,-3.270252498636313371e-02,4.766006338018956984e-02,1.860229361884068178e-01,-5.589262536964030581e-02
-1.123954343063938932e+00,-8.911762715756929576e-02,-3.326164623534247355e-02,4.659485554949256703e-02,1.862809846511674916e-01,-5.593133463440973924e-02
-1.123493733443841069e+00,-8.725354859539692642e-02,-3.382114586627552044e-02,4.552655870254487119e-02,1.865338624460610717e-01,-5.596830008078457902e-02
-1.123043821983105817e+00,-8.538696728609547482e-02,-3.438100639102024958e-02,4.445523393519771466e-02,1.867815270484400880e-01,-5.600351176039637668e-02
-1.122604638651689912e+00,-8.351793557125138101e-02,-3.494121022325750309e-02,4.338094324627018300e-02,1.870239366464827024e-01,-5.603695998709738030e-02
-1.122176212795102490e+00,-8.164650620692358307e-02,-3.550173968114041928e-02,4.230374952426490393e-02,1.872610501607617217e-01,-5.606863534239287655e-02
-1.121758573125576586e+00,-7.977273235622253655e-02,-3.606257698999776329e-02,4.122371653349170273e-02,1.874928272636063875e-01,-5.609852868078689381e-02
-1.121351747713383196e+00,-7.789666758169677685e-02,-3.662370428509025694e-02,4.014090889960330449e-02,1.877192283982400123e-01,-5.612663113503606194e-02
-1.120955763978292552e+00,-7.601836583752931420e-02,-3.718510361441899892e-02,3.905539209454780836e-02,1.879402147976758086e-01,-5.615293412130645256e-02
-1.120570648681188830e+00,-7.413788146154630387e-02,-3.774675694158487887e-02,3.796723242094342254e-02,1.881557485033538701e-01,-5.617742934422828571e-02
-1.120196427915843840e+00,-7.225526916704072544e-02,-3.830864614869809032e-02,3.687649699588147617e-02,1.883657923835020398e-01,-5.620010880184344443e-02
-1.119833127100855918e+00,-7.037058403441395771e-02,-3.887075303933648640e-02,3.578325373416452876e-02,1.885703101512035962e-01,-5.622096479044071810e-02
-1.119480770971758243e+00,-6.848388150263813590e-02,-3.943305934155175857e-02,3.468757133098703677e-02,1.887692663821547712e-01,-5.623998990927382008e-02
-1.119139383573305002e+00,-6.659521736054259400e-02,-3.999554671092215435e-02,3.358951924406666789e-02,1.889626265320954179e-01,-5.625717706515725308e-02
-1.118808988251936531e+00,-6.470464773792772295e-02,-4.055819673365054778e-02,3.248916767523512411e-02,1.891503569538958429e-01,-5.627251947693520662e-02
-1.118489607648433415e+00,-6.281222909650968633e-02,-4.112099092970653708e-02,3.138658755149791729e-02,1.893324249142837867e-01,-5.628601067981868489e-02
-1.118181263690760652e+00,-6.091801822069980304e-02,-4.168391075601121654e-02,3.028185050557321428e-02,1.895087986101949840e-01,-5.629764452958623683e-02
-1.117883977587111000e+00,-5.902207220822233702e-02,-4.224693760966328343e-02,2.917502885592058656e-02,1.896794471847314256e-01,-5.630741520664368782e-02
-1.117597769819148823e+00,-5.712444846057473241e-02,-4.281005283120500188e-02,2.806619558627108588e-02,1.898443407427117258e-01,-5.631531721993836975e-02
-1.117322660135461776e+00,-5.522520467333445066e-02,-4.337323770792656658e-02,2.695542432467073340e-02,1.900034503657980212e-01,-5.632134541072356809e-02
-1.117058667545224759e+00,-5.332439882631673234e-02,-4.393647347720733287e-02,2.584278932205012758e-02,1.901567481271843607e-01,-5.632549495616886309e-02
-1.116805810312079927e+00,-5.142208917358770393e-02,-4.449974132989240050e-02,2.472836543033350709e-02,1.903042071058320128e-01,-5.632776137281229889e-02
-1.116564105948238295e+00,-4.951833423333748541e-02,-4.506302241370285788e-02,2.361222808010121285e-02,1.904458014002370081e-01,-5.632814051985035597e-02
-1.116333571208806275e+00,-4.761319277761799640e-02,-4.562629783667814659e-02,2.249445325782004415e-02,1.905815061417162615e-01,-5.632662860226192447e-02
-1.116114222086342478e+00,-4.570672382195038047e-02,-4.618954867064877651e-02,2.137511748265663591e-02,1.907112975071985073e-01,-5.632322217376254520e-02
-1.115906073805648768e+00,-4.379898661480703670e-02,-4.675275595473776802e-02,2.025429778288949725e-02,1.908351527315070850e-01,-5.631791813958540033e-02
-1.115709140818798240e+00,-4.189004062697342795e-02,-4.731590069888898242e-02,1.913207167193592753e-02,1.909530501191219198e-01,-5.631071375908567461e-02
-1.115523436800405443e+00,-3.997994554079493251e-02,-4.787896388742062664e-02,1.800851712401049798e-02,1.910649690554083180e-01,-5.630160664816504651e-02
-1.115348974643141533e+00,-3.806876123931408895e-02,-4.844192648260206568e-02,1.688371254943235242e-02,1.911708900173013370e-01,-5.629059478151327012e-02
-1.115185766453498095e+00,-3.615654779530379920e-02,-4.900476942825215260e-02,1.575773676959899353e-02,1.912707945834342949e-01,-5.627767649466403066e-02
-1.115033823547803005e+00,-3.424336546020207567e-02,-4.956747365335714695e-02,1.463066899164475534e-02,1.913646654437008432e-01,-5.626285048586230492e-02
-1.114893156448490297e+00,-3.232927465295398761e-02,-5.013002007570639684e-02,1.350258878280251491e-02,1.914524864082408906e-01,-5.624611581774082575e-02
-1.114763774880629610e+00,-3.041433594876674640e-02,-5.069238960554376533e-02,1.237357604448766774e-02,1.915342424158405221e-01,-5.622747191880330536e-02
-1.114645687768714089e+00,-2.849861006778368552e-02,-5.125456314923296230e-02,1.124371098612376302e-02,1.916099195417375334e-01,-5.620691858471230096e-02
-1.114538903233712963e+00,-2.658215786368324160e-02,-5.181652161293473502e-02,1.011307409872953811e-02,1.916795050048240023e-01,-5.618445597937987701e-02
-1.114443428590387697e+00,-2.466504031220893498e-02,-5.237824590629400895e-02,8.981746128287445424e-03,1.917429871742385161e-01,-5.616008463585932947e-02
-1.114359270344877251e+00,-2.274731849963651520e-02,-5.293971694613490431e-02,7.849808048914053149e-03,1.918003555753410583e-01,-5.613380545703652857e-02
-1.114286434192550912e+00,-2.082905361118446430e-02,-5.350091566016169919e-02,6.717341035853019275e-03,1.918516008950643115e-01,-5.610561971611957577e-02
-1.114224925016133128e+00,-1.891030691937413757e-02,-5.406182299066362995e-02,5.584426438311515528e-03,1.918967149866356026e-01,-5.607552905692574780e-02
-1.114174746884100342e+00,-1.699113977234584585e-02,-5.462241989822159277e-02,4.451145752161283879e-03,1.919356908736647993e-01,-5.604353549396490913e-02
-1.114135903049350729e+00,-1.507161358213724399e-02,-5.518268736541462327e-02,3.317580592525632387e-03,1.919685227535936622e-01,-5.600964141231875443e-02
-1.114108395948149699e+00,-1.315178981293044919e-02,-5.574260640052416255e-02,2.183812666273881372e-03,1.919952060005032379e-01,-5.597384956731548539e-02
-1.114092227199350527e+00,-1.123172996927428863e-02,-5.630215804123404888e-02,1.049923744444868296e-03,1.920157371672763513e-01,-5.593616308399980419e-02
-1.114087397603889640e+00,-9.311495584288171160e-03,-5.686132335832416729e-02,-8.400436537874564173e-05,1.920301139871130602e-01,-5.589658545639824422e-02
-1.114093907144560802e+00,-7.391148207854033626e-03,-5.742008345935575853e-02,-1.217889846723589240e-03,1.920383353743976007e-01,-5.585512054658010178e-02
-1.114111754986063296e+00,-5.470749394802873131e-03,-5.797841949234628506e-02,-2.351650901884271526e-03,1.920404014249160463e-01,-5.581177258351454479e-02
-1.114140939475328773e+00,-3.550360693102344416e-03,-5.853631264943187640e-02,-3.485205779565817182e-03,1.920363134154247642e-01,-5.576654616172457835e-02
-1.114181458142122771e+00,-1.630043632051917822e-03,-5.909374417051529993e-02,-4.618472802488025018e-03,1.920260738025702241e-01,-5.571944623973882488e-02
-1.114233307699923126e+00,2.901402895079221219e-04,-5.965069534689742409e-02,-5.751370394930002336e-03,1.920096862211615463e-01,-5.567047813834231917e-02
-1.114296484047072600e+00,2.210129614965979095e-03,-6.020714752489021715e-02,-6.883817110193186581e-03,1.919871554817978998e-01,-5.561964753862771310e-02
-1.114370982268205967e+00,4.129862941683702139e-03,-6.076308210940925547e-02,-8.015731657961312068e-03,1.919584875678536362e-01,-5.556696047984849285e-02
-1.114456796635950653e+00,6.049278932705201214e-03,-6.131848056754376358e-02,-9.147032931535908559e-03,1.919236896318244900e-01,-5.551242335707606834e-02
-1.114553920612897819e+00,7.968316328427545170e-03,-6.187332443210227795e-02,-1.027764003492610649e-02,1.918827699910391482e-01,-5.545604291866274016e-02
-1.114662346853844799e+00,9.886913958225022545e-03,-6.242759530513198457e-02,-1.140747230977171185e-02,1.918357381227409897e-01,-5.539782626351286154e-02
-1.114782067208304639e+00,1.180501075202109416e-02,-6.298127486140978060e-02,-1.253644936207879736e-02,1.917826046585455191e-01,-5.533778083816459636e-02
-1.114913072723282994e+00,1.372254575180182137e-02,-6.353434485190324887e-02,-1.366449108874725343e-02,1.917233813782798224e-01,-5.527591443368500695e-02
-1.115055353646318803e+00,1.563945812306463332e-02,-6.408678710719967198e-02,-1.479151770387010859e-02,1.916580812032106784e-01,-5.521223518238124045e-02
-1.115208899428786538e+00,1.755568716619633832e-02,-6.463858354090122604e-02,-1.591744976478469409e-02,1.915867181886690418e-01,-5.514675155433101245e-02
-1.115373698729457796e+00,1.947117232777441365e-02,-6.518971615298457811e-02,-1.704220819785610616e-02,1.915093075160788638e-01,-5.507947235373548966e-02
-1.115549739418319142e+00,2.138585321178562357e-02,-6.574016703312318688e-02,-1.816571432397379865e-02,1.914258654843990770e-01,-5.501040671509808966e-02
-1.115737008580643952e+00,2.329966959075616476e-02,-6.628991836397048198e-02,-1.928788988374250876e-02,1.913364095009880417e-01,-5.493956409923279188e-02
-1.115935492521313854e+00,2.521256141678762316e-02,-6.683895242440233975e-02,-2.040865706234916421e-02,1.912409580719002522e-01,-5.486695428910573491e-02
-1.116145176769387737e+00,2.712446883249308369e-02,-6.738725159271712062e-02,-2.152793851408787984e-02,1.911395307916259889e-01,-5.479258738551402025e-02
-1.116366046082913677e+00,2.903533218182791434e-02,-6.793479834979170018e-02,-2.264565738652560278e-02,1.910321483322847402e-01,-5.471647380260587917e-02
-1.116598084453981343e+00,3.094509202080978835e-02,-6.848157528219195322e-02,-2.376173734429144410e-02,1.909188324322840247e-01,-5.463862426324640059e-02
-1.116841275114009102e+00,3.285368912812267062e-02,-6.902756508523610890e-02,-2.487610259247327593e-02,1.907996058844556031e-01,-5.455904979423328166e-02
-1.117095600539264932e+00,3.476106451559961980e-02,-6.957275056600956131e-02,-2.598867789960572147e-02,1.906744925236816268e-01,-5.447776172136707673e-02
-1.117361042456613607e+00,3.666715943857934423e-02,-7.011711464632965074e-02,-2.709938862023412651e-02,1.905435172140236555e-01,-5.439477166438069083e-02
-1.117637581849487471e+00,3.857191540613161274e-02,-7.066064036565906925e-02,-2.820816071703979855e-02,1.904067058353681452e-01,-5.431009153173284310e-02
-1.117925198964077049e+00,4.047527419114677755e-02,-7.120331088396654462e-02,-2.931492078251225417e-02,1.902640852696018681e-01,-5.422373351527042667e-02
-1.118223873315735251e+00,4.237717784028474655e-02,-7.174510948453349801e-02,-3.041959606015490550e-02,1.901156833863319184e-01,-5.413571008476483065e-02
-1.118533583695591638e+00,4.427756868377893257e-02,-7.228601957670545419e-02,-3.152211446521119287e-02,1.899615290281646829e-01,-5.404603398232727535e-02
-1.118854308177371637e+00,4.617638934509088466e-02,-7.282602469858706629e-02,-3.262240460489876370e-02,1.898016519955585957e-01,-5.395471821670839302e-02
-1.119186024124415146e+00,4.807358275041132695e-02,-7.336510851967950608e-02,-3.372039579814001264e-02,1.896360830312662782e-01,-5.386177605748737607e-02
-1.119528708196889655e+00,4.996909213800367067e-02,-7.390325484345927620e-02,-3.481601809477787024e-02,1.894648538043813557e-01,-5.376722102915599405e-02
-1.119882336359194319e+00,5.186286106738607210e-02,-7.444044760989734777e-02,-3.590920229426636939e-02,1.892879968940058000e-01,-5.367106690510297512e-02
-1.120246883887546563e+00,5.375483342834832395e-02,-7.497667089791762440e-02,-3.699987996382626820e-02,1.891055457725539513e-01,-5.357332770150424056e-02
-1.120622325377748307e+00,5.564495344980006225e-02,-7.551190892779391373e-02,-3.808798345605659413e-02,1.889175347887095124e-01,-5.347401767112444637e-02
-1.121008634753125843e+00,5.753316570844684008e-02,-7.604614606348450434e-02,-3.917344592599365100e-02,1.887239991500520020e-01,-5.337315129703554956e-02
-1.121405785272636901e+00,5.941941513729091795e-02,-7.657936681490343234e-02,-4.025620134760975882e-02,1.885249749053692081e-01,-5.327074328625792249e-02
-1.121813749539140259e+00,6.130364703395364823e-02,-7.711155584012795161e-02,-4.133618452974458651e-02,1.883204989266724916e-01,-5.316680856332967747e-02
-1.122232499507821668e+00,6.318580706881664344e-02,-7.764269794754120879e-02,-4.241333113146272815e-02,1.881106088909320351e-01,-5.306136226380987059e-02
-1.122662006494770548e+00,6.506584129297889041e-02,-7.817277809790977583e-02,-4.348757767683174291e-02,1.878953432615488306e-01,-5.295441972772126082e-02
-1.123102241185701233e+00,6.694369614602743712e-02,-7.870178140639523534e-02,-4.455886156911557927e-02,1.876747412695804751e-01,-5.284599649293828666e-02
-1.123553173644813663e+00,6.881931846361909189e-02,-7.922969314449941625e-02,-4.562712110437907448e-02,1.874488428947380658e-01,-5.273610828852590138e-02
-1.124014773323787075e+00,7.069265548487105311e-02,-7.975649874194286337e-02,-4.669229548449972678e-02,1.872176888461712652e-01,-5.262477102803495704e-02
-1.124487009070900267e+00,7.256365485955842964e-02,-8.028218378847594427e-02,-4.775432482958374275e-02,1.869813205430585767e-01,-5.251200080275971599e-02
-1.124969849140273759e+00,7.443226465511669498e-02,-8.080673403562251000e-02,-4.881315018978393122e-02,1.867397800950200693e-01,-5.239781387496313114e-02
-1.125463261201227194e+00,7.629843336344752092e-02,-8.133013539835551309e-02,-4.986871355651776444e-02,1.864931102823695619e-01,-5.228222667107543242e-02
-1.125967212347744661e+00,7.816210990752636700e-02,-8.185237395670465210e-02,-5.092095787308441313e-02,1.862413545362232581e-01,-5.216525577487152870e-02
-1.126481669108045036e+00,8.002324364781049360e-02,-8.237343595729559875e-02,-5.196982704468038755e-02,1.859845569184816749e-01,-5.204691792063269318e-02
-1.127006597454248027e+00,8.188178438844627427e-02,-8.289330781482084909e-02,-5.301526594781389573e-02,1.857227621017016883e-01,-5.192722998629793751e-02
-1.127541962812131704e+00,8.373768238327469748e-02,-8.341197611344200458e-02,-5.405722043911870278e-02,1.854560153488754581e-01,-5.180620898661043860e-02
-1.128087730070975958e+00,8.559088834163430803e-02,-8.392942760812356628e-02,-5.509563736356891395e-02,1.851843624931323318e-01,-5.168387206626425673e-02
-1.128643863593483898e+00,8.744135343396083893e-02,-8.444564922589821443e-02,-5.613046456209660334e-02,1.849078499173804901e-01,-5.156023649305656320e-02
-1.129210327225777188e+00,8.928902929718297854e-02,-8.496062806706358717e-02,-5.716165087861486277e-02,1.846265245339041849e-01,-5.143531965105047066e-02
-1.129787084307458667e+00,9.113386803991402330e-02,-8.547435140631087780e-02,-5.818914616644939308e-02,1.843404337639323598e-01,-5.130913903375349666e-02
-1.130374097681736245e+00,9.297582224743911050e-02,-8.598680669378523655e-02,-5.921290129418230880e-02,1.840496255171946705e-01,-5.118171223731662195e-02
-1.130971329705601880e+00,9.481484498649798975e-02,-8.649798155607826833e-02,-6.023286815091231927e-02,1.837541481714798919e-01,-5.105305695375872421e-02
-1.131578742260060944e+00,9.665088980986348555e-02,-8.700786379715300112e-02,-6.124899965093606041e-02,1.834540505522122278e-01,-5.092319096422116137e-02
-1.132196296760404897e+00,9.848391076071584538e-02,-8.751644139920151944e-02,-6.226124973785574640e-02,1.831493819120601219e-01,-5.079213213225709789e-02
-1.132823954166523261e+00,1.003138623768134591e-01,-8.802370252343567902e-02,-6.326957338811887988e-02,1.828401919105923090e-01,-5.065989839716010523e-02
-1.133461674993246238e+00,1.021406996944603518e-01,-8.852963551081133309e-02,-6.427392661399618234e-02,1.825265305939952898e-01,-5.052650776733642185e-02
-1.134109419320716627e+00,1.039643782522712695e-01,-8.903422888268654189e-02,-6.527426646600439919e-02,1.822084483748661610e-01,-5.039197831372516784e-02
-1.134767146804781524e+00,1.057848540947351201e-01,-8.953747134141416819e-02,-6.627055103478096676e-02,1.818859960120945696e-01,-5.025632816327062907e-02
-1.135434816687400872e+00,1.076020837755777143e-01,-9.003935177086956620e-02,-6.726273945241811880e-02,1.815592245908468627e-01,-5.011957549245067700e-02
-1.136112387807066249e+00,1.094160243609249572e-01,-9.053985923691380833e-02,-6.825079189326418994e-02,1.812281855026653676e-01,-4.998173852086521679e-02
-1.136799818609225188e+00,1.112266334322676020e-01,-9.103898298779308784e-02,-6.923466957420049139e-02,1.808929304256956527e-01,-4.984283550488840392e-02
-1.137497067156706398e+00,1.130338690892289943e-01,-9.153671245447503324e-02,-7.021433475440218286e-02,1.805535113050535378e-01,-4.970288473138832763e-02
-1.138204091140138541e+00,1.148376899521372785e-01,-9.203303725092248921e-02,-7.118975073459232750e-02,1.802099803333439276e-01,-4.956190451151757520e-02
-1.138920847888360344e+00,1.166380551644035229e-01,-9.252794717430566640e-02,-7.216088185579816461e-02,1.798623899313429031e-01,-4.941991317457813254e-02
-1.139647294378815401e+00,1.184349243947075553e-01,-9.302143220515328437e-02,-7.312769349761928661e-02,1.795107927288538963e-01,-4.927692906196377148e-02
-1.140383387247927205e+00,1.202282578389933243e-01,-9.351348250744349888e-02,-7.409015207601757358e-02,1.791552415457488279e-01,-4.913297052118306696e-02
-1.141129082801449535e+00,1.220180162222755521e-01,-9.400408842863554326e-02,-7.504822504063894673e-02,1.787957893732043391e-01,-4.898805589996594462e-02
-1.141884337024788199e+00,1.238041608002598409e-01,-9.449324049964281935e-02,-7.600188087167732143e-02,1.784324893551428592e-01,-4.884220354045659684e-02
-1.142649105593289027e+00,1.255866533607782054e-01,-9.498092943474839567e-02,-7.695108907629130690e-02,1.780653947698881134e-01,-4.869543177349541785e-02
-1.143423343882487453e+00,1.273654562250423339e-01,-9.546714613146371764e-02,-7.789582018458453272e-02,1.776945590120439511e-01,-4.854775891299245583e-02
-1.144207006978316787e+00,1.291405322487167162e-01,-9.595188167033161242e-02,-7.883604574516044072e-02,1.773200355746052115e-01,-4.839920325039483856e-02
-1.145000049687268318e+00,1.309118448228140663e-01,-9.643512731467435151e-02,-7.977173832026281108e-02,1.769418780313086192e-01,-4.824978304925030270e-02
-1.145802426546502550e+00,1.326793578744155933e-01,-9.691687451028790923e-02,-8.070287148051318027e-02,1.765601400192317871e-01,-4.809951653986901943e-02
-1.146614091833904281e+00,1.344430358672184245e-01,-9.739711488508331905e-02,-8.162941979925672498e-02,1.761748752216474312e-01,-4.794842191408561771e-02
-1.147434999578081039e+00,1.362028438019129428e-01,-9.787584024867612698e-02,-8.255135884652803346e-02,1.757861373511398762e-01,-4.779651732012327181e-02
-1.148265103568296919e+00,1.379587472163926187e-01,-9.835304259192503840e-02,-8.346866518264847712e-02,1.753939801329904291e-01,-4.764382085756147661e-02
-1.149104357364343132e+00,1.397107121857989465e-01,-9.882871408642077138e-02,-8.438131635146683962e-02,1.749984572888375889e-01,-4.749035057240909297e-02
-1.149952714306337276e+00,1.414587053224046209e-01,-9.930284708392614346e-02,-8.528929087325501368e-02,1.745996225206182251e-01,-4.733612445228407850e-02
-1.150810127524451332e+00,1.432026937753373419e-01,-9.977543411576851595e-02,-8.619256823727067252e-02,1.741975294947945008e-01,-4.718116042170116681e-02
-1.151676549948561945e+00,1.449426452301474377e-01,-1.002464678921856645e-01,-8.709112889399860113e-02,1.737922318268720345e-01,-4.702547633746863298e-02
-1.152551934317823878e+00,1.466785279082220839e-01,-1.007159413016261579e-01,-8.798495424708276114e-02,1.733837830662134927e-01,-4.686908998419517941e-02
-1.153436233190158866e+00,1.484103105660492250e-01,-1.011838474100053148e-01,-8.887402664496085736e-02,1.729722366811519974e-01,-4.671201906990779529e-02
-1.154329398951661423e+00,1.501379624943341151e-01,-1.016501794599179997e-01,-8.975832937221328578e-02,1.725576460444079585e-01,-4.655428122178140171e-02
-1.155231383825915614e+00,1.518614535169715007e-01,-1.021149308698091895e-01,-9.063784664063834207e-02,1.721400644188129103e-01,-4.639589398198090686e-02
-1.156142139883221009e+00,1.535807539898766949e-01,-1.025780952331035584e-01,-9.151256358006547298e-02,1.717195449433432941e-01,-4.623687480361612923e-02
-1.157061619049726486e+00,1.552958347996784838e-01,-1.030396663172951782e-01,-9.238246622891832516e-02,1.712961406194669078e-01,-4.607724104681009542e-02
-1.157989773116468113e+00,1.570066673622770859e-01,-1.034996380629984586e-01,-9.324754152453926248e-02,1.708699042978044369e-01,-4.591700997488092073e-02
-1.158926553748308663e+00,1.587132236212702996e-01,-1.039580045829614774e-01,-9.410777729328699548e-02,1.704408886651078425e-01,-4.575619875063748065e-02
-1.159871912492777657e+00,1.604154760462510321e-01,-1.044147601610428411e-01,-9.496316224041878584e-02,1.700091462315574953e-01,-4.559482443278892183e-02
-1.160825800788808593e+00,1.621133976309793723e-01,-1.048698992511532396e-01,-9.581368593976864745e-02,1.695747293183791637e-01,-4.543290397246799173e-02
-1.161788169975372487e+00,1.638069618914325676e-01,-1.053234164761627373e-01,-9.665933882323295145e-02,1.691376900457819965e-01,-4.527045420986803431e-02
-1.162758971300005273e+00,1.654961428637357901e-01,-1.057753066267750341e-01,-9.750011217007444053e-02,1.686980803212181357e-01,-4.510749187099338114e-02
-1.163738155927226847e+00,1.671809151019772177e-01,-1.062255646603698228e-01,-9.833599809605589326e-02,1.682559518279642397e-01,-4.494403356452287418e-02
-1.164725674946851752e+00,1.688612536759105665e-01,-1.066741856998143084e-01,-9.916698954241416619e-02,1.678113560140251093e-01,-4.478009577878598602e-02
-1.165721479382187287e+00,1.705371341685482101e-01,-1.071211650322450859e-01,-9.999308026468554933e-02,1.673643440813590844e-01,-4.461569487885108654e-02
-1.166725520198121036e+00,1.722085326736481903e-01,-1.075664981078213733e-01,-1.008142648213929404e-01,1.669149669754249332e-01,-4.445084710372520370e-02
-1.167737748309092716e+00,1.738754257930982816e-01,-1.080101805384509339e-01,-1.016305385626053437e-01,1.664632753750490968e-01,-4.428556856366463318e-02
-1.168758114586952557e+00,1.755377906342003580e-01,-1.084522080964895469e-01,-1.024418976183798374e-01,1.660093196826125939e-01,-4.411987523759555024e-02
-1.169786569868702886e+00,1.771956048068581424e-01,-1.088925767134152484e-01,-1.032483388870963220e-01,1.655531500145561996e-01,-4.395378297064381212e-02
-1.170823064964122029e+00,1.788488464206717254e-01,-1.093312824784784532e-01,-1.040498600236948040e-01,1.650948161922022872e-01,-4.378730747177305566e-02
-1.171867550663271640e+00,1.804974940819417673e-01,-1.097683216373289555e-01,-1.048464594278249451e-01,1.646343677328916399e-01,-4.362046431153000781e-02
-1.172919977743883457e+00,1.821415268905866303e-01,-1.102036905906209480e-01,-1.056381362319174788e-01,1.641718538414332629e-01,-4.345326891989603063e-02
-1.173980296978627491e+00,1.837809244369757178e-01,-1.106373858925970427e-01,-1.064248902891868076e-01,1.637073234018650014e-01,-4.328573658424369336e-02
-1.175048459142259638e+00,1.854156667986817386e-01,-1.110694042496524064e-01,-1.072067221615738419e-01,1.632408249695224967e-01,-4.311788244739726134e-02
-1.176124415018648506e+00,1.870457345371553393e-01,-1.114997425188800212e-01,-1.079836331076381023e-01,1.627724067634139238e-01,-4.294972150579581815e-02
-1.177208115407680555e+00,1.886711086943249904e-01,-1.119283977065980706e-01,-1.087556250704077576e-01,1.623021166588977660e-01,-4.278126860775766094e-02
-1.178299511132044231e+00,1.902917707891251253e-01,-1.123553669668604371e-01,-1.095227006651960516e-01,1.618300021806605427e-01,-4.261253845184474059e-02
-1.179398553043891962e+00,1.919077028139555274e-01,-1.127806475999514058e-01,-1.102848631673924579e-01,1.613561104959914949e-01,-4.244354558532563437e-02
-1.180505192031378936e+00,1.935188872310749653e-01,-1.132042370508654361e-01,-1.110421165002366678e-01,1.608804884083507303e-01,-4.227430440273568374e-02
-1.181619379025081518e+00,1.951253069689319330e-01,-1.136261329077730559e-01,-1.117944652225831143e-01,1.604031823512276911e-01,-4.210482914453272940e-02
-1.182741065004291547e+00,1.967269454184354949e-01,-1.140463329004737097e-01,-1.125419145166638435e-01,1.599242383822860325e-01,-4.193513389584702100e-02
-1.183870201003188960e+00,1.983237864291688690e-01,-1.144648348988366593e-01,-1.132844701758569939e-01,1.594437021777914132e-01,-4.176523258532364308e-02
-1.185006738116892278e+00,1.999158143055487780e-01,-1.148816369112306973e-01,-1.140221385924681669e-01,1.589616190273182295e-01,-4.159513898405592380e-02
-1.186150627507387201e+00,2.015030138029331730e-01,-1.152967370829437038e-01,-1.147549267455315464e-01,1.584780338287313517e-01,-4.142486670460817505e-02
-1.187301820409332409e+00,2.030853701236802478e-01,-1.157101336945927927e-01,-1.154828421886376355e-01,1.579929910834388385e-01,-4.125442920012611925e-02
-1.188460268135744791e+00,2.046628689131612111e-01,-1.161218251605260765e-01,-1.162058930377939947e-01,1.575065348919114094e-01,-4.108383976353331690e-02
-1.189625922083562770e+00,2.062354962557295945e-01,-1.165318100272167423e-01,-1.169240879593254068e-01,1.570187089494644861e-01,-4.091311152681193636e-02
-1.190798733739089510e+00,2.078032386706497314e-01,-1.169400869716504254e-01,-1.176374361578194083e-01,1.565295565422982205e-01,-4.074225746036607559e-02
-1.191978654683315320e+00,2.093660831079867946e-01,-1.173466547997065457e-01,-1.183459473641231413e-01,1.560391205437914042e-01,-4.057129037246597070e-02
-1.193165636597120605e+00,2.109240169444611401e-01,-1.177515124445345368e-01,-1.190496318233971174e-01,1.555474434110445947e-01,-4.040022290877130079e-02
-1.194359631266359134e+00,2.124770279792692618e-01,-1.181546589649257045e-01,-1.197485002832313489e-01,1.550545671816677684e-01,-4.022906755193182693e-02
-1.195560590586823624e+00,2.140251044298738525e-01,-1.185560935436813929e-01,-1.204425639818289956e-01,1.545605334708081979e-01,-4.005783662126363720e-02
-1.196768466569092748e+00,2.155682349277651955e-01,-1.189558154859783889e-01,-1.211318346362625364e-01,1.540653834684135581e-01,-3.988654227249915918e-02
-1.197983211343262022e+00,2.171064085141965749e-01,-1.193538242177321074e-01,-1.218163244308073101e-01,1.535691579367257920e-01,-3.971519649760918425e-02
-1.199204777163557001e+00,2.186396146358955128e-01,-1.197501192839583728e-01,-1.224960460053569344e-01,1.530718972080009066e-01,-3.954381112469514126e-02
-1.200433116412832346e+00,2.201678431407535497e-01,-1.201447003471345087e-01,-1.231710124439249071e-01,1.525736411824498151e-01,-3.937239781794975996e-02
-1.201668181606956098e+00,2.216910842734963194e-01,-1.205375671855602876e-01,-1.238412372632367586e-01,1.520744293263956159e-01,-3.920096807768440328e-02
-1.202909925399080038e+00,2.232093286713363600e-01,-1.209287196917195467e-01,-1.245067344014164634e-01,1.515743006706424811e-01,-3.902953324042125055e-02
-1.204158300583797025e+00,2.247225673596106310e-01,-1.213181578706430397e-01,-1.251675182067710779e-01,1.510732938090509903e-01,-3.885810447904855525e-02
-1.205413260101187545e+00,2.262307917474048469e-01,-1.217058818382731056e-01,-1.258236034266771164e-01,1.505714468973156084e-01,-3.868669280303718705e-02
-1.206674757040755663e+00,2.277339936231664030e-01,-1.220918918198308084e-01,-1.264750051965719824e-01,1.500687976519390343e-01,-3.851530905871669574e-02
-1.207942744645254640e+00,2.292321651503082813e-01,-1.224761881481861991e-01,-1.271217390290537153e-01,1.495653833493987006e-01,-3.834396392960914834e-02
-1.209217176314404174e+00,2.307252988628052948e-01,-1.228587712622320888e-01,-1.277638208030921485e-01,1.490612408255007348e-01,-3.817266793681898390e-02
-1.210498005608501071e+00,2.322133876607850034e-01,-1.232396417052620957e-01,-1.284012667533540875e-01,1.485564064749164137e-01,-3.800143143947711660e-02
-1.211785186251923552e+00,2.336964248061146887e-01,-1.236188001233533007e-01,-1.290340934596453937e-01,1.480509162508963361e-01,-3.783026463523759403e-02
-1.213078672136529645e+00,2.351744039179865520e-01,-1.239962472637542168e-01,-1.296623178364723350e-01,1.475448056651575135e-01,-3.765917756082511059e-02
-1.214378417324953219e+00,2.366473189685024126e-01,-1.243719839732784355e-01,-1.302859571227245605e-01,1.470381097879387422e-01,-3.748818009263162054e-02
-1.215684376053796312e+00,2.381151642782599331e-01,-1.247460111967044483e-01,-1.309050288714818655e-01,1.465308632482193729e-01,-3.731728194736044085e-02
-1.216996502736720664e+00,2.395779345119418147e-01,-1.251183299751821854e-01,-1.315195509399466611e-01,1.460231002340968698e-01,-3.714649268271612986e-02
-1.218314751967439102e+00,2.410356246739094599e-01,-1.254889414446467011e-01,-1.321295414795040923e-01,1.455148544933184962e-01,-3.697582169813853209e-02
-1.219639078522608555e+00,2.424882301038027432e-01,-1.258578468342393397e-01,-1.327350189259114410e-01,1.450061593339624089e-01,-3.680527823557933065e-02
-1.220969437364624932e+00,2.439357464721473856e-01,-1.262250474647368670e-01,-1.333360019896182858e-01,1.444970476252637470e-01,-3.663487138031954610e-02
-1.222305783644322075e+00,2.453781697759712110e-01,-1.265905447469891087e-01,-1.339325096462189446e-01,1.439875517985809705e-01,-3.646461006182637188e-02
-1.223648072703576339e+00,2.468154963344307840e-01,-1.269543401803651661e-01,-1.345245611270383113e-01,1.434777038484982559e-01,-3.629450305464777815e-02
-1.224996260077817256e+00,2.482477227844497314e-01,-1.273164353512089286e-01,-1.351121759098523056e-01,1.429675353340590371e-01,-3.612455897934338522e-02
-1.226350301498446260e+00,2.496748460763699995e-01,-1.276768319313039135e-01,-1.356953737097437995e-01,1.424570773801268897e-01,-3.595478630345005228e-02
-1.227710152895164386e+00,2.510968634696174595e-01,-1.280355316763480689e-01,-1.362741744700950441e-01,1.419463606788688992e-01,-3.578519334248068950e-02
-1.229075770398211143e+00,2.525137725283826962e-01,-1.283925364244386247e-01,-1.368485983537171824e-01,1.414354154913574635e-01,-3.561578826095489203e-02
-1.230447110340514794e+00,2.539255711173187824e-01,-1.287478480945674353e-01,-1.374186657341174844e-01,1.409242716492865033e-01,-3.544657907345987596e-02
-1.231824129259756484e+00,2.553322573972562903e-01,-1.291014686851271187e-01,-1.379843971869047503e-01,1.404129585567974181e-01,-3.527757364574032883e-02
-1.233206783900348213e+00,2.567338298209374536e-01,-1.294534002724281596e-01,-1.385458134813334907e-01,1.399015051924111519e-01,-3.510877969581581437e-02
-1.234595031215328431e+00,2.581302871287701750e-01,-1.298036450092273364e-01,-1.391029355719868299e-01,1.393899401110621217e-01,-3.494020479512433691e-02
-1.235988828368173698e+00,2.595216283446024619e-01,-1.301522051232678334e-01,-1.396557845905984641e-01,1.388782914462300955e-01,-3.477185636969071236e-02
-1.237388132734530188e+00,2.609078527715191220e-01,-1.304990829158308996e-01,-1.402043818380137863e-01,1.383665869121659397e-01,-3.460374170131849669e-02
-1.238792901903865262e+00,2.622889599876609967e-01,-1.308442807602997748e-01,-1.407487487762900946e-01,1.378548538062077666e-01,-3.443586792880411196e-02
-1.240203093681040203e+00,2.636649498420677307e-01,-1.311878011007358014e-01,-1.412889070209356057e-01,1.373431190111832068e-01,-3.426824204917197636e-02
-1.241618666087807243e+00,2.650358224505449112e-01,-1.315296464504669138e-01,-1.418248783332873852e-01,1.368314089978945880e-01,-3.410087091892938932e-02
-1.243039577364229320e+00,2.664015781915567427e-01,-1.318698193906888139e-01,-1.423566846130275010e-01,1.363197498276830233e-01,-3.393376125533993648e-02
-1.244465785970027882e+00,2.677622177021444783e-01,-1.322083225690790231e-01,-1.428843478908374542e-01,1.358081671550680214e-01,-3.376691963771428356e-02
-1.245897250585855653e+00,2.691177418738717186e-01,-1.325451586984238150e-01,-1.434078903211899458e-01,1.352966862304589846e-01,-3.360035250871720031e-02
-1.247333930114499667e+00,2.704681518487971892e-01,-1.328803305552583858e-01,-1.439273341752778101e-01,1.347853319029354013e-01,-3.343406617568966954e-02
-1.248775783682013696e+00,2.718134490154756611e-01,-1.332138409785202926e-01,-1.444427018340793678e-01,1.342741286230920705e-01,-3.326806681198503368e-02
-1.250222770638781400e+00,2.731536350049873496e-01,-1.335456928682163258e-01,-1.449540157815594477e-01,1.337631004459463036e-01,-3.310236045831806834e-02
-1.251674850560513752e+00,2.744887116869972332e-01,-1.338758891841028420e-01,-1.454612985980055229e-01,1.332522710339037186e-01,-3.293695302412594922e-02
-1.253131983249178516e+00,2.758186811658437931e-01,-1.342044329443799477e-01,-1.459645729534978509e-01,1.327416636597796573e-01,-3.277185028894014085e-02
-1.254594128733866665e+00,2.771435457766585064e-01,-1.345313272243992830e-01,-1.464638616015130901e-01,1.322313012098729201e-01,-3.260705790376818708e-02
-1.256061247271594850e+00,2.784633080815162587e-01,-1.348565751553856829e-01,-1.469591873726602549e-01,1.317212061870890738e-01,-3.244258139248443196e-02
-1.257533299348045697e+00,2.797779708656171760e-01,-1.351801799231729662e-01,-1.474505731685479548e-01,1.312114007141101935e-01,-3.227842615322878278e-02
-1.259010245678247930e+00,2.810875371335005424e-01,-1.355021447669534640e-01,-1.479380419557822235e-01,1.307019065366082089e-01,-3.211459745981256469e-02
-1.260492047207196764e+00,2.823920101052907472e-01,-1.358224729780418694e-01,-1.484216167600934666e-01,1.301927450264991903e-01,-3.195110046313062724e-02
-1.261978665110416564e+00,2.836913932129763727e-01,-1.361411678986531870e-01,-1.489013206605916961e-01,1.296839371852356870e-01,-3.178794019257880771e-02
-1.263470060794465999e+00,2.849856900967219775e-01,-1.364582329206947831e-01,-1.493771767841487186e-01,1.291755036471345097e-01,-3.162512155747597420e-02
-1.264966195897388346e+00,2.862749046012136311e-01,-1.367736714845727564e-01,-1.498492082999060837e-01,1.286674646827374868e-01,-3.146264934848976708e-02
-1.266467032289107175e+00,2.875590407720380881e-01,-1.370874870780126042e-01,-1.503174384139076836e-01,1.281598402022024463e-01,-3.130052823906535886e-02
-1.267972532071769409e+00,2.888381028520959348e-01,-1.373996832348940711e-01,-1.507818903638556418e-01,1.276526497587222031e-01,-3.113876278685639987e-02
-1.269482657580035534e+00,2.901120952780492646e-01,-1.377102635341005132e-01,-1.512425874139880499e-01,1.271459125519690536e-01,-3.097735743515744183e-02
-1.270997371381320518e+00,2.913810226768037137e-01,-1.380192315983823914e-01,-1.516995528500774681e-01,1.266396474315623910e-01,-3.081631651433716645e-02
-1.272516636275984103e+00,2.926448898620253591e-01,-1.383265910932351683e-01,-1.521528099745486085e-01,1.261338729005573589e-01,-3.065564424327167289e-02
-1.274040415297473583e+00,2.939037018306925875e-01,-1.386323457257916114e-01,-1.526023821017139515e-01,1.256286071189522680e-01,-3.049534473077724142e-02
-1.275568671712419722e+00,2.951574637596832140e-01,-1.389364992437282786e-01,-1.530482925531257976e-01,1.251238679072125548e-01,-3.033542197704186885e-02
-1.277101369020685828e+00,2.964061810023967958e-01,-1.392390554341864373e-01,-1.534905646530433099e-01,1.246196727498093820e-01,-3.017587987505500682e-02
-1.278638470955372863e+00,2.976498590854123605e-01,-1.395400181227072489e-01,-1.539292217240131322e-01,1.241160387987708807e-01,-3.001672221203488186e-02
-1.280179941482780803e+00,2.988885037051818849e-01,-1.398393911721810545e-01,-1.543642870825621127e-01,1.236129828772438988e-01,-2.985795267085285601e-02
-1.281725744802327371e+00,3.001221207247592448e-01,-1.401371784818111754e-01,-1.547957840350006053e-01,1.231105214830646166e-01,-2.969957483145426944e-02
-1.283275845346424804e+00,3.013507161705650805e-01,-1.404333839860916200e-01,-1.552237358733349060e-01,1.226086707923360747e-01,-2.954159217227520645e-02
-1.284830207780317757e+00,3.025742962291872451e-01,-1.407280116537991121e-01,-1.556481658712871030e-01,1.221074466630108768e-01,-2.938400807165474082e-02
-1.286388797001880135e+00,3.037928672442173905e-01,-1.410210654869991365e-01,-1.560690972804212318e-01,1.216068646384774188e-01,-2.922682580924210877e-02
-1.287951578141375286e+00,3.050064357131231363e-01,-1.413125495200660553e-01,-1.564865533263737063e-01,1.211069399511479766e-01,-2.907004856739839327e-02
-1.289518516561177552e+00,3.062150082841563203e-01,-1.416024678187172425e-01,-1.569005572051868080e-01,1.206076875260470027e-01,-2.891367943259223749e-02
-1.291089577855459192e+00,3.074185917532969992e-01,-1.418908244790610673e-01,-1.573111320797436485e-01,1.201091219843982150e-01,-2.875772139678918135e-02
-1.292664727849840878e+00,3.086171930612334191e-01,-1.421776236266588112e-01,-1.577183010763028581e-01,1.196112576472088823e-01,-2.860217735883419793e-02
-1.294243932601008451e+00,3.098108192903777369e-01,-1.424628694156003517e-01,-1.581220872811316680e-01,1.191141085388500026e-01,-2.844705012582704473e-02
-1.295827158396297252e+00,3.109994776619175449e-01,-1.427465660275935300e-01,-1.585225137372357485e-01,1.186176883906308738e-01,-2.829234241449005149e-02
-1.297414371753242701e+00,3.121831755329030900e-01,-1.430287176710671737e-01,-1.589196034411841651e-01,1.181220106443668372e-01,-2.813805685252799074e-02
-1.299005539419101130e+00,3.133619203933701303e-01,-1.433093285802877204e-01,-1.593133793400279830e-01,1.176270884559388885e-01,-2.798419597997969105e-02
-1.300600628370339296e+00,3.145357198634983198e-01,-1.435884030144892742e-01,-1.597038643283109904e-01,1.171329346988438935e-01,-2.783076225056105996e-02
-1.302199605812094374e+00,3.157045816908051750e-01,-1.438659452570170139e-01,-1.600910812451707965e-01,1.166395619677342982e-01,-2.767775803299922857e-02
-1.303802439177606631e+00,3.168685137473751801e-01,-1.441419596144840332e-01,-1.604750528715290503e-01,1.161469825819461538e-01,-2.752518561235751601e-02
-1.305409096127622570e+00,3.180275240271242532e-01,-1.444164504159411444e-01,-1.608558019273689799e-01,1.156552085890143883e-01,-2.737304719135091879e-02
-1.307019544549773427e+00,3.191816206430992398e-01,-1.446894220120600871e-01,-1.612333510690987237e-01,1.151642517681743527e-01,-2.722134489165189963e-02
-1.308633752557925467e+00,3.203308118248124337e-01,-1.449608787743294769e-01,-1.616077228869992055e-01,1.146741236338484765e-01,-2.707008075518620507e-02
-1.310251688491506972e+00,3.214751059156107371e-01,-1.452308250942637990e-01,-1.619789399027546095e-01,1.141848354391173104e-01,-2.691925674541848293e-02
-1.311873320914810348e+00,3.226145113700795153e-01,-1.454992653826252536e-01,-1.623470245670642353e-01,1.136963981791738465e-01,-2.676887474862747404e-02
-1.313498618616269820e+00,3.237490367514809786e-01,-1.457662040686581173e-01,-1.627119992573341500e-01,1.132088225947603388e-01,-2.661893657517059794e-02
-1.315127550607718465e+00,3.248786907292267601e-01,-1.460316455993359019e-01,-1.630738862754470275e-01,1.127221191755868185e-01,-2.646944396073770689e-02
-1.316760086123621276e+00,3.260034820763845764e-01,-1.462955944386208351e-01,-1.634327078456088711e-01,1.122362981637304719e-01,-2.632039856759385218e-02
-1.318396194620288453e+00,3.271234196672188621e-01,-1.465580550667358040e-01,-1.637884861122710090e-01,1.117513695570150900e-01,-2.617180198581087539e-02
-1.320035845775067385e+00,3.282385124747649874e-01,-1.468190319794485665e-01,-1.641412431381258641e-01,1.112673431123699652e-01,-2.602365573448768912e-02
-1.321679009485515310e+00,3.293487695684371719e-01,-1.470785296873680370e-01,-1.644910009021751940e-01,1.107842283491675267e-01,-2.587596126295909835e-02
-1.323325655868553774e+00,3.304542001116692607e-01,-1.473365527152526167e-01,-1.648377812978693013e-01,1.103020345525389662e-01,-2.572871995199300238e-02
-1.324975755259603094e+00,3.315548133595890290e-01,-1.475931056013305431e-01,-1.651816061313155504e-01,1.098207707766674507e-01,-2.558193311497589106e-02
-1.326629278211700846e+00,3.326506186567249612e-01,-1.478481928966318970e-01,-1.655224971195552452e-01,1.093404458480580904e-01,-2.543560199908650662e-02
-1.328286195494603028e+00,3.337416254347456701e-01,-1.481018191643323212e-01,-1.658604758889069830e-01,1.088610683687843694e-01,-2.528972778645757410e-02
-1.329946478093868123e+00,3.348278432102319013e-01,-1.483539889791083977e-01,-1.661955639733754819e-01,1.083826467197103460e-01,-2.514431159532549281e-02
-1.331610097209927179e+00,3.359092815824802347e-01,-1.486047069265042930e-01,-1.665277828131242199e-01,1.079051890636881644e-01,-2.499935448116792983e-02
-1.333277024257137233e+00,3.369859502313389821e-01,-1.488539776023098671e-01,-1.668571537530106619e-01,1.074287033487305310e-01,-2.485485743782922877e-02
-1.334947230862821410e+00,3.380578589150754487e-01,-1.491018056119499113e-01,-1.671836980411827711e-01,1.069531973111576134e-01,-2.471082139863357147e-02
-1.336620688866295481e+00,3.391250174682747809e-01,-1.493481955698844343e-01,-1.675074368277354175e-01,1.064786784787179613e-01,-2.456724723748583347e-02
-1.338297370317880208e+00,3.401874357997696219e-01,-1.495931520990199659e-01,-1.678283911634253223e-01,1.060051541736832387e-01,-2.442413576996009528e-02
-1.339977247477902145e+00,3.412451238906007434e-01,-1.498366798301315750e-01,-1.681465819984433452e-01,1.055326315159161588e-01,-2.428148775437576068e-02
-1.341660292815682221e+00,3.422980917920081523e-01,-1.500787834012956845e-01,-1.684620301812428111e-01,1.050611174259115793e-01,-2.413930389286125106e-02
-1.343346479008512562e+00,3.433463496234525625e-01,-1.503194674573334888e-01,-1.687747564574225700e-01,1.045906186278102445e-01,-2.399758483240526166e-02
-1.345035778940622206e+00,3.443899075706667867e-01,-1.505587366492646406e-01,-1.690847814686635975e-01,1.041211416523850353e-01,-2.385633116589555222e-02
-1.346728165702133273e+00,3.454287758837368272e-01,-1.507965956337714852e-01,-1.693921257517178036e-01,1.036526928399993802e-01,-2.371554343314525443e-02
-1.348423612588007137e+00,3.464629648752125535e-01,-1.510330490726733421e-01,-1.696968097374480233e-01,1.031852783435377591e-01,-2.357522212190671373e-02
-1.350122093096979947e+00,3.474924849182473574e-01,-1.512681016324109173e-01,-1.699988537499179109e-01,1.027189041313078671e-01,-2.343536766887285502e-02
-1.351823580930491264e+00,3.485173464447667846e-01,-1.515017579835406802e-01,-1.702982780055303791e-01,1.022535759899144553e-01,-2.329598046066607558e-02
-1.353528049991602922e+00,3.495375599436658098e-01,-1.517340228002390656e-01,-1.705951026122137781e-01,1.017892995271046097e-01,-2.315706083481468974e-02
-1.355235474383910343e+00,3.505531359590343676e-01,-1.519649007598163348e-01,-1.708893475686543428e-01,1.013260801745842765e-01,-2.301860908071694939e-02
-1.356945828410446753e+00,3.515640850884108048e-01,-1.521943965422400402e-01,-1.711810327635740481e-01,1.008639231908059902e-01,-2.288062544059264736e-02
-1.358659086572579833e+00,3.525704179810632555e-01,-1.524225148296679544e-01,-1.714701779750525124e-01,1.004028336637276669e-01,-2.274311011042235223e-02
-1.360375223568901948e+00,3.535721453362983824e-01,-1.526492603059903530e-01,-1.717568028698921168e-01,9.994281651354233742e-02,-2.260606324087430577e-02
-1.362094214294115035e+00,3.545692779017972085e-01,-1.528746376563814291e-01,-1.720409270030250071e-01,9.948387649537882016e-02,-2.246948493821901427e-02
-1.363816033837908392e+00,3.555618264719778154e-01,-1.530986515668598391e-01,-1.723225698169612297e-01,9.902601820197318161e-02,-2.233337526523158922e-02
-1.365540657483832243e+00,3.565498018863847984e-01,-1.533213067238582694e-01,-1.726017506412766134e-01,9.856924606631106700e-02,-2.219773424208189294e-02
-1.367268060708165978e+00,3.575332150281046451e-01,-1.535426078138017181e-01,-1.728784886921397035e-01,9.811356436424073513e-02,-2.206256184721251332e-02
-1.368998219178781728e+00,3.585120768222074816e-01,-1.537625595226945752e-01,-1.731528030718764710e-01,9.765897721705690815e-02,-2.192785801820466146e-02
-1.370731108754003946e+00,3.594863982342142994e-01,-1.539811665357163351e-01,-1.734247127685721035e-01,9.720548859405535314e-02,-2.179362265263203036e-02
-1.372466705481465210e+00,3.604561902685895491e-01,-1.541984335368256631e-01,-1.736942366557085726e-01,9.675310231505827863e-02,-2.165985560890268391e-02
-1.374204985596958695e+00,3.614214639672588825e-01,-1.544143652083729557e-01,-1.739613934918373128e-01,9.630182205291047681e-02,-2.152655670708904581e-02
-1.375945925523287094e+00,3.623822304081519285e-01,-1.546289662307210877e-01,-1.742262019202859280e-01,9.585165133594643339e-02,-2.139372572974605757e-02
-1.377689501869109101e+00,3.633385007037692183e-01,-1.548422412818742100e-01,-1.744886804688980664e-01,9.540259355042818301e-02,-2.126136242271758903e-02
-1.379435691427783661e+00,3.642902859997735887e-01,-1.550541950371147337e-01,-1.747488475498054916e-01,9.495465194295428513e-02,-2.112946649593115678e-02
-1.381184471176211348e+00,3.652375974736054576e-01,-1.552648321686480037e-01,-1.750067214592316012e-01,9.450782962283975353e-02,-2.099803762418106165e-02
-1.382935818273675066e+00,3.661804463331218007e-01,-1.554741573452548542e-01,-1.752623203773253646e-01,9.406212956446710627e-02,-2.086707544789999369e-02
-1.384689710060677870e+00,3.671188438152584443e-01,-1.556821752319518526e-01,-1.755156623680249328e-01,9.361755460960871633e-02,-2.073657957391921575e-02
-1.386446124057781004e+00,3.680528011847155057e-01,-1.558888904896589267e-01,-1.757667653789500017e-01,9.317410746972037972e-02,-2.060654957621739503e-02
-1.388205037964439947e+00,3.689823297326654261e-01,-1.560943077748746521e-01,-1.760156472413223205e-01,9.273179072820643409e-02,-2.047698499665819016e-02
-1.389966429657839786e+00,3.699074407754838756e-01,-1.562984317393587008e-01,-1.762623256699132335e-01,9.229060684265635861e-02,-2.034788534571666668e-02
-1.391730277191731480e+00,3.708281456535024723e-01,-1.565012670298215058e-01,-1.765068182630176175e-01,9.185055814705310462e-02,-2.021925010319463450e-02
-1.393496558795266349e+00,3.717444557297837071e-01,-1.567028182876211151e-01,-1.767491425024535767e-01,9.141164685395326839e-02,-2.009107871892502895e-02
-1.395265252871831452e+00,3.726563823889175731e-01,-1.569030901484669560e-01,-1.769893157535868955e-01,9.097387505663920293e-02,-1.996337061346539071e-02
-1.397036337997885402e+00,3.735639370358393441e-01,-1.571020872421304837e-01,-1.772273552653795825e-01,9.053724473124329097e-02,-1.983612517878056980e-02
-1.398809792921795081e+00,3.744671310946686149e-01,-1.572998141921626847e-01,-1.774632781704620077e-01,9.010175773884447625e-02,-1.970934177891475389e-02
-1.400585596562672119e+00,3.753659760075691021e-01,-1.574962756156181032e-01,-1.776971014852274655e-01,8.966741582753731676e-02,-1.958301975065291148e-02
-1.402363728009211385e+00,3.762604832336291505e-01,-1.576914761227855566e-01,-1.779288421099489703e-01,8.923422063447358776e-02,-1.945715840417173992e-02
-1.404144166518530579e+00,3.771506642477621685e-01,-1.578854203169252901e-01,-1.781585168289172016e-01,8.880217368787672594e-02,-1.933175702368025717e-02
-1.405926891515010935e+00,3.780365305396276021e-01,-1.580781127940124042e-01,-1.783861423105991273e-01,8.837127640902928127e-02,-1.920681486805010316e-02
-1.407711882589139929e+00,3.789180936125711163e-01,-1.582695581424866105e-01,-1.786117351078166660e-01,8.794153011423348765e-02,-1.908233117143567220e-02
-1.409499119496355757e+00,3.797953649825845379e-01,-1.584597609430081766e-01,-1.788353116579446678e-01,8.751293601674525746e-02,-1.895830514388419097e-02
-1.411288582155894478e+00,3.806683561772850610e-01,-1.586487257682197560e-01,-1.790568882831275466e-01,8.708549522868175297e-02,-1.883473597193582871e-02
-1.413080250649637826e+00,3.815370787349131598e-01,-1.588364571825143512e-01,-1.792764811905141198e-01,8.665920876290263142e-02,-1.871162281921395429e-02
-1.414874105220965461e+00,3.824015442033493750e-01,-1.590229597418090224e-01,-1.794941064725099344e-01,8.623407753486539429e-02,-1.858896482700565789e-02
-1.416670126273608554e+00,3.832617641391494190e-01,-1.592082379933244252e-01,-1.797097801070464407e-01,8.581010236445479888e-02,-1.846676111483262078e-02
-1.418468294370506255e+00,3.841177501065975441e-01,-1.593922964753699545e-01,-1.799235179578666244e-01,8.538728397778677648e-02,-1.834501078101247531e-02
-1.420268590232665273e+00,3.849695136767777304e-01,-1.595751397171344399e-01,-1.801353357748263218e-01,8.496562300898687081e-02,-1.822371290321072451e-02
-1.422070994738023009e+00,3.858170664266625804e-01,-1.597567722384823918e-01,-1.803452491942108549e-01,8.454512000194353005e-02,-1.810286653898335665e-02
-1.423875488920313126e+00,3.866604199382195906e-01,-1.599371985497555215e-01,-1.805532737390663223e-01,8.412577541203648812e-02,-1.798247072631025886e-02
-1.425682053967935126e+00,3.874995857975346292e-01,-1.601164231515796732e-01,-1.807594248195450726e-01,8.370758960784038805e-02,-1.786252448411954075e-02
-1.427490671222827023e+00,3.883345755939523469e-01,-1.602944505346768911e-01,-1.809637177332648894e-01,8.329056287280389714e-02,-1.774302681280285135e-02
-1.429301322179341582e+00,3.891654009192330177e-01,-1.604712851796825102e-01,-1.811661676656812769e-01,8.287469540690460545e-02,-1.762397669472183515e-02
-1.431113988483127430e+00,3.899920733667263106e-01,-1.606469315569674650e-01,-1.813667896904725130e-01,8.245998732827980460e-02,-1.750537309470582420e-02
-1.432928651930012176e+00,3.908146045305606608e-01,-1.608213941264653168e-01,-1.815655987699368035e-01,8.204643867483352171e-02,-1.738721496054085325e-02
-1.434745294464891519e+00,3.916330060048489603e-01,-1.609946773375043050e-01,-1.817626097554012887e-01,8.163404940581996116e-02,-1.726950122345012953e-02
-1.436563898180621468e+00,3.924472893829100140e-01,-1.611667856286440603e-01,-1.819578373876422350e-01,8.122281940340358997e-02,-1.715223079856606492e-02
-1.438384445316914562e+00,3.932574662565051504e-01,-1.613377234275170102e-01,-1.821512962973161620e-01,8.081274847419613050e-02,-1.703540258539397098e-02
-1.440206918259241187e+00,3.940635482150904312e-01,-1.615074951506743628e-01,-1.823430010054012673e-01,8.040383635077071045e-02,-1.691901546826751063e-02
-1.442031299537735123e+00,3.948655468450836259e-01,-1.616761052034367263e-01,-1.825329659236489266e-01,7.999608269315332254e-02,-1.680306831679605206e-02
-1.443857571826103303e+00,3.956634737291461756e-01,-1.618435579797490032e-01,-1.827212053550447413e-01,7.958948709029195490e-02,-1.668755998630399098e-02
-1.445685717940540682e+00,3.964573404454796446e-01,-1.620098578620397245e-01,-1.829077334942788013e-01,7.918404906150355860e-02,-1.657248931826217284e-02
-1.447515720838649766e+00,3.972471585671366046e-01,-1.621750092210845762e-01,-1.830925644282246079e-01,7.877976805789903281e-02,-1.645785514071150535e-02
-1.449347563618364587e+00,3.980329396613455084e-01,-1.623390164158743099e-01,-1.832757121364265718e-01,7.837664346378665770e-02,-1.634365626867888277e-02
-1.451181229516880000e+00,3.988146952888496632e-01,-1.625018837934865401e-01,-1.834571904915953400e-01,7.797467459805398904e-02,-1.622989150458551549e-02
-1.453016701909586095e+00,3.995924370032598039e-01,-1.626636156889617324e-01,-1.836370132601109484e-01,7.757386071552858919e-02,-1.611655963864776914e-02
-1.454853964309007042e+00,4.003661763504202664e-01,-1.628242164251831603e-01,-1.838151941025332470e-01,7.717420100831783036e-02,-1.600365944927061718e-02
-1.456693000363745716e+00,4.011359248677883738e-01,-1.629836903127606929e-01,-1.839917465741192082e-01,7.677569460712797833e-02,-1.589118970343382162e-02
-1.458533793857433203e+00,4.019016940838268659e-01,-1.631420416499184400e-01,-1.841666841253469800e-01,7.637834058256276482e-02,-1.577914915707092150e-02
-1.460376328707683857e+00,4.026634955174094310e-01,-1.632992747223861729e-01,-1.843400201024461005e-01,7.598213794640175378e-02,-1.566753655544115414e-02
-1.462220588965055024e+00,4.034213406772385602e-01,-1.634553938032944354e-01,-1.845117677479338747e-01,7.558708565285869596e-02,-1.555635063349439587e-02
-1.464066558812013197e+00,4.041752410612763358e-01,-1.636104031530731806e-01,-1.846819402011572742e-01,7.519318259982014918e-02,-1.544559011622922279e-02
-1.465914222561904623e+00,4.049252081561871552e-01,-1.637643070193540995e-01,-1.848505504988402215e-01,7.480042763006451711e-02,-1.533525371904419926e-02
-1.467763564657931896e+00,4.056712534367925560e-01,-1.639171096368762515e-01,-1.850176115756360651e-01,7.440881953246188119e-02,-1.522534014808248418e-02
-1.469614569672136328e+00,4.064133883655382529e-01,-1.640688152273953038e-01,-1.851831362646846890e-01,7.401835704315470887e-02,-1.511584810056985743e-02
-1.471467222304385203e+00,4.071516243919726108e-01,-1.642194279995959627e-01,-1.853471372981742582e-01,7.362903884671978538e-02,-1.500677626514626030e-02
-1.473321507381365469e+00,4.078859729522366639e-01,-1.643689521490077632e-01,-1.855096273079070990e-01,7.324086357731153518e-02,-1.489812332219095370e-02
-1.475177409855582322e+00,4.086164454685655700e-01,-1.645173918579240502e-01,-1.856706188258696877e-01,7.285382981978699712e-02,-1.478988794414137428e-02
-1.477034914804364218e+00,4.093430533488011669e-01,-1.646647512953241521e-01,-1.858301242848061641e-01,7.246793611081273068e-02,-1.468206879580579924e-02
-1.478894007428873225e+00,4.100658079859156313e-01,-1.648110346167986351e-01,-1.859881560187955085e-01,7.208318093995370879e-02,-1.457466453466990490e-02
-1.480754673053121584e+00,4.107847207575456849e-01,-1.649562459644775270e-01,-1.861447262638318556e-01,7.169956275074469698e-02,-1.446767381119731279e-02
-1.482616897122992938e+00,4.114998030255376804e-01,-1.651003894669616501e-01,-1.862998471584077220e-01,7.131707994174407705e-02,-1.436109526912421157e-02
-1.484480665205271332e+00,4.122110661355030126e-01,-1.652434692392567017e-01,-1.864535307441001766e-01,7.093573086757053170e-02,-1.425492754574815731e-02
-1.486345962986673985e+00,4.129185214163837436e-01,-1.653854893827103878e-01,-1.866057889661593971e-01,7.055551383992270109e-02,-1.414916927221112827e-02
-1.488212776272891835e+00,4.136221801800285536e-01,-1.655264539849522210e-01,-1.867566336740995869e-01,7.017642712858211673e-02,-1.404381907377692806e-02
-1.490081090987634527e+00,4.143220537207785159e-01,-1.656663671198360388e-01,-1.869060766222920833e-01,6.979846896239955134e-02,-1.393887557010303063e-02
-1.491950893171682280e+00,4.150181533150625324e-01,-1.658052328473854087e-01,-1.870541294705602431e-01,6.942163753026509010e-02,-1.383433737550695056e-02
-1.493822168981943088e+00,4.157104902210025932e-01,-1.659430552137413917e-01,-1.872008037847761319e-01,6.904593098206204815e-02,-1.373020309922722004e-02
-1.495694904690516802e+00,4.163990756780284741e-01,-1.660798382511131654e-01,-1.873461110374586847e-01,6.867134742960508131e-02,-1.362647134567906287e-02
-1.497569086683763873e+00,4.170839209065014819e-01,-1.662155859777309785e-01,-1.874900626083732813e-01,6.829788494756253159e-02,-1.352314071470485553e-02
-1.499444701461381202e+00,4.177650371073478031e-01,-1.663503023978016304e-01,-1.876326697851322944e-01,6.792554157436336837e-02,-1.342020980181944136e-02
-1.501321735635483545e+00,4.184424354617003461e-01,-1.664839915014664495e-01,-1.877739437637968301e-01,6.755431531308889181e-02,-1.331767719845040193e-02
-1.503200175929691129e+00,4.191161271305497427e-01,-1.666166572647616029e-01,-1.879138956494791624e-01,6.718420413234936495e-02,-1.321554149217335147e-02
-1.505080009178223044e+00,4.197861232544040089e-01,-1.667483036495807092e-01,-1.880525364569457236e-01,6.681520596714585203e-02,-1.311380126694234108e-02
-1.506961222324996630e+00,4.204524349529566996e-01,-1.668789346036397281e-01,-1.881898771112207602e-01,6.644731871971737425e-02,-1.301245510331544564e-02
-1.508843802422733527e+00,4.211150733247633338e-01,-1.670085540604442087e-01,-1.883259284481901830e-01,6.608054026037371576e-02,-1.291150157867563229e-02
-1.510727736632071050e+00,4.217740494469263690e-01,-1.671371659392584808e-01,-1.884607012152056671e-01,6.571486842831399111e-02,-1.281093926744695556e-02
-1.512613012220679565e+00,4.224293743747880026e-01,-1.672647741450772607e-01,-1.885942060716886970e-01,6.535030103243115451e-02,-1.271076674130618839e-02
-1.514499616562386963e+00,4.230810591416311883e-01,-1.673913825685991452e-01,-1.887264535897345552e-01,6.498683585210277003e-02,-1.261098256938994119e-02
-1.516387537136307584e+00,4.237291147583882589e-01,-1.675169950862022417e-01,-1.888574542547161172e-01,6.462447063796805669e-02,-1.251158531849735911e-02
-1.518276761525978680e+00,4.243735522133574856e-01,-1.676416155599217694e-01,-1.889872184658871745e-01,6.426320311269162477e-02,-1.241257355328846158e-02
-1.520167277418501772e+00,4.250143824719270769e-01,-1.677652478374297151e-01,-1.891157565369852300e-01,6.390303097171387559e-02,-1.231394583647820069e-02
-1.522059072603690888e+00,4.256516164763065047e-01,-1.678878957520162085e-01,-1.892430786968338219e-01,6.354395188398843930e-02,-1.221570072902631449e-02
-1.523952134973225903e+00,4.262852651452654351e-01,-1.680095631225730635e-01,-1.893691950899439036e-01,6.318596349270666490e-02,-1.211783679032303954e-02
-1.525846452519813212e+00,4.269153393738795987e-01,-1.681302537535788177e-01,-1.894941157771145579e-01,6.282906341600957845e-02,-1.202035257837075558e-02
-1.527742013336350624e+00,4.275418500332838212e-01,-1.682499714350858822e-01,-1.896178507360325449e-01,6.247324924768719867e-02,-1.192324664996163332e-02
-1.529638805615100017e+00,4.281648079704318821e-01,-1.683687199427092718e-01,-1.897404098618709067e-01,6.211851855786568871e-02,-1.182651756085134967e-02
-1.531536817646864890e+00,4.287842240078633682e-01,-1.684865030376170858e-01,-1.898618029678862951e-01,6.176486889368231620e-02,-1.173016386592894318e-02
-1.533436037820174347e+00,4.294001089434770213e-01,-1.686033244665226527e-01,-1.899820397860150778e-01,6.141229777994847844e-02,-1.163418411938287045e-02
-1.535336454620472635e+00,4.300124735503108586e-01,-1.687191879616783408e-01,-1.901011299674680854e-01,6.106080271980100088e-02,-1.153857687486333806e-02
-1.537238056629314675e+00,4.306213285763284548e-01,-1.688340972408710616e-01,-1.902190830833237478e-01,6.071038119534181987e-02,-1.144334068564095870e-02
-1.539140832523568259e+00,4.312266847442119966e-01,-1.689480560074191062e-01,-1.903359086251197874e-01,6.036103066826623703e-02,-1.134847410476181283e-02
-1.541044771074621567e+00,4.318285527511610544e-01,-1.690610679501707847e-01,-1.904516160054432750e-01,6.001274858047998123e-02,-1.125397568519896814e-02
-1.542949861147595803e+00,4.324269432686978498e-01,-1.691731367435043709e-01,-1.905662145585188538e-01,5.966553235470514749e-02,-1.115984398000052086e-02
-1.544856091700565370e+00,4.330218669424784061e-01,-1.692842660473296290e-01,-1.906797135407952148e-01,5.931937939507523488e-02,-1.106607754243422483e-02
-1.546763451783782495e+00,4.336133343921096395e-01,-1.693944595070906445e-01,-1.907921221315296290e-01,5.897428708771947775e-02,-1.097267492612875872e-02
-1.548671930538908725e+00,4.342013562109720004e-01,-1.695037207537701818e-01,-1.909034494333705645e-01,5.863025280133654649e-02,-1.087963468521170249e-02
-1.550581517198251325e+00,4.347859429660482222e-01,-1.696120534038953742e-01,-1.910137044729383060e-01,5.828727388775788859e-02,-1.078695537444427158e-02
-1.552492201084006096e+00,4.353671051977573425e-01,-1.697194610595446351e-01,-1.911228962014033250e-01,5.794534768250075157e-02,-1.069463554935287664e-02
-1.554403971607505763e+00,4.359448534197941649e-01,-1.698259473083560400e-01,-1.912310334950625967e-01,5.760447150531113752e-02,-1.060267376635755203e-02
-1.556316818268473678e+00,4.365191981189744386e-01,-1.699315157235368468e-01,-1.913381251559136964e-01,5.726464266069682812e-02,-1.051106858289731910e-02
-1.558230730654284413e+00,4.370901497550849224e-01,-1.700361698638742924e-01,-1.914441799122264531e-01,5.692585843845057031e-02,-1.041981855755254316e-02
-1.560145698439228790e+00,4.376577187607388342e-01,-1.701399132737476672e-01,-1.915492064191124666e-01,5.658811611416365850e-02,-1.032892225016432755e-02
-1.562061711383785578e+00,4.382219155412364620e-01,-1.702427494831414145e-01,-1.916532132590919868e-01,5.625141294973001055e-02,-1.023837822195100035e-02
-1.563978759333897850e+00,4.387827504744306051e-01,-1.703446820076595369e-01,-1.917562089426585181e-01,5.591574619384091782e-02,-1.014818503562175782e-02
-1.565896832220255996e+00,4.393402339105969556e-01,-1.704457143485410275e-01,-1.918582019088408419e-01,5.558111308247055959e-02,-1.005834125548750110e-02
-1.567815920057585632e+00,4.398943761723094203e-01,-1.705458499926764959e-01,-1.919592005257624301e-01,5.524751083935251078e-02,-9.968845447568928583e-03
-1.569736012943941494e+00,4.404451875543198835e-01,-1.706450924126257374e-01,-1.920592130911983331e-01,5.491493667644729848e-02,-9.879696179701923792e-03
-1.571657101060006445e+00,4.409926783234429659e-01,-1.707434450666363845e-01,-1.921582478331293475e-01,5.458338779440120858e-02,-9.790892021640306558e-03
-1.573579174668396696e+00,4.415368587184450577e-01,-1.708409113986636141e-01,-1.922563129102935475e-01,5.425286138299646038e-02,-9.702431545155973391e-03
-1.575502224112971694e+00,4.420777389499378485e-01,-1.709374948383908521e-01,-1.923534164127350399e-01,5.392335462159288106e-02,-9.614313324136491284e-03
-1.577426239818150222e+00,4.426153292002763529e-01,-1.710331988012513404e-01,-1.924495663623499719e-01,5.359486467956119798e-02,-9.526535934680186585e-03
-1.579351212288231610e+00,4.431496396234611557e-01,-1.711280266884507573e-01,-1.925447707134297637e-01,5.326738871670814307e-02,-9.439097955188777492e-03
-1.581277132106722494e+00,4.436806803450447645e-01,-1.712219818869907262e-01,-1.926390373532013978e-01,5.294092388369343871e-02,-9.351997966457593556e-03
-1.583203989935668465e+00,4.442084614620422922e-01,-1.713150677696931024e-01,-1.927323741023649617e-01,5.261546732243879698e-02,-9.265234551763425544e-03
-1.585131776514991486e+00,4.447329930428460254e-01,-1.714072876952253133e-01,-1.928247887156281648e-01,5.229101616652911261e-02,-9.178806296950062921e-03
-1.587060482661833305e+00,4.452542851271441005e-01,-1.714986450081263936e-01,-1.929162888822379962e-01,5.196756754160592601e-02,-9.092711790511539757e-03
-1.588990099269902867e+00,4.457723477258429545e-01,-1.715891430388339078e-01,-1.930068822265094408e-01,5.164511856575329518e-02,-9.006949623673158462e-03
-1.590920617308829721e+00,4.462871908209936067e-01,-1.716787851037116508e-01,-1.930965763083511422e-01,5.132366634987620135e-02,-8.921518390470308674e-03
-1.592852027823522976e+00,4.467988243657218250e-01,-1.717675745050781799e-01,-1.931853786237880954e-01,5.100320799807161326e-02,-8.836416687825147248e-03
-1.594784321933534255e+00,4.473072582841618461e-01,-1.718555145312359589e-01,-1.932732966054812873e-01,5.068374060799231418e-02,-8.751643115621154934e-03
-1.596717490832427311e+00,4.478125024713936475e-01,-1.719426084565014445e-01,-1.933603376232443383e-01,5.036526127120362351e-02,-8.667196276775632202e-03
-1.598651525787151861e+00,4.483145667933839396e-01,-1.720288595412357013e-01,-1.934465089845569530e-01,5.004776707353313786e-02,-8.583074777310165451e-03
-1.600586418137423195e+00,4.488134610869303764e-01,-1.721142710318758484e-01,-1.935318179350754286e-01,4.973125509541357486e-02,-8.499277226419093070e-03
-1.602522159295105997e+00,4.493091951596094868e-01,-1.721988461609670618e-01,-1.936162716591398880e-01,4.941572241221884459e-02,-8.415802236536026881e-03
-1.604458740743603729e+00,4.498017787897274911e-01,-1.722825881471953258e-01,-1.936998772802785984e-01,4.910116609459348747e-02,-8.332648423398460180e-03
-1.606396154037253332e+00,4.502912217262748373e-01,-1.723655001954207955e-01,-1.937826418617089319e-01,4.878758320877554788e-02,-8.249814406110488399e-03
-1.608334390800724378e+00,4.507775336888835693e-01,-1.724475854967117416e-01,-1.938645724068353282e-01,4.847497081691302251e-02,-8.167298807203696165e-03
-1.610273442728423321e+00,4.512607243677881352e-01,-1.725288472283791341e-01,-1.939456758597440100e-01,4.816332597737394555e-02,-8.085100252696238513e-03
-1.612213301583903302e+00,4.517408034237890280e-01,-1.726092885540117805e-01,-1.940259591056945621e-01,4.785264574505029150e-02,-8.003217372150147474e-03
-1.614153959199277510e+00,4.522177804882194785e-01,-1.726889126235121030e-01,-1.941054289716083459e-01,4.754292717165572307e-02,-7.921648798726909149e-03
-1.616095407474639201e+00,4.526916651629152022e-01,-1.727677225731323318e-01,-1.941840922265536951e-01,4.723416730601730923e-02,-7.840393169241335544e-03
-1.618037638377484599e+00,4.531624670201869209e-01,-1.728457215255113366e-01,-1.942619555822278354e-01,4.692636319436135212e-02,-7.759449124213771073e-03
-1.619980643942142473e+00,4.536301956027958271e-01,-1.729229125897119301e-01,-1.943390256934357796e-01,4.661951188059336448e-02,-7.678815307920663219e-03
-1.621924416269206803e+00,4.540948604239317121e-01,-1.729992988612586713e-01,-1.944153091585658633e-01,4.631361040657232947e-02,-7.598490368443530305e-03
-1.623868947524975237e+00,4.545564709671937598e-01,-1.730748834221761678e-01,-1.944908125200620896e-01,4.600865581237931212e-02,-7.518472957716362814e-03
-1.625814229940892641e+00,4.550150366865742813e-01,-1.731496693410277954e-01,-1.945655422648933375e-01,4.570464513658058225e-02,-7.438761731571483411e-03
-1.627760255812997547e+00,4.554705670064446710e-01,-1.732236596729549716e-01,-1.946395048250191828e-01,4.540157541648523476e-02,-7.359355349783897743e-03
-1.629707017501375477e+00,4.559230713215442488e-01,-1.732968574597167077e-01,-1.947127065778526955e-01,4.509944368839749473e-02,-7.280252476114169868e-03
-1.631654507429614709e+00,4.563725589969713781e-01,-1.733692657297297712e-01,-1.947851538467198773e-01,4.479824698786375597e-02,-7.201451778349850057e-03
-1.633602718084268712e+00,4.568190393681770267e-01,-1.734408874981090698e-01,-1.948568529013159079e-01,4.449798234991445001e-02,-7.122951928345482714e-03
-1.635551642014321683e+00,4.572625217409609366e-01,-1.735117257667085633e-01,-1.949278099581581714e-01,4.419864680930080808e-02,-7.044751602061225665e-03
-1.637501271830658522e+00,4.577030153914699584e-01,-1.735817835241625084e-01,-1.949980311810361189e-01,4.390023740072665492e-02,-6.966849479600107677e-03
-1.639451600205540593e+00,4.581405295661986621e-01,-1.736510637459270645e-01,-1.950675226814577445e-01,4.360275115907527588e-02,-6.889244245243951112e-03
-1.641402619872084800e+00,4.585750734819922236e-01,-1.737195693943222041e-01,-1.951362905190930919e-01,4.330618511963144762e-02,-6.811934587487989204e-03
-1.643354323623747115e+00,4.590066563260516985e-01,-1.737873034185740961e-01,-1.952043407022142907e-01,4.301053631829873658e-02,-6.734919199074206574e-03
-1.645306704313811430e+00,4.594352872559410161e-01,-1.738542687548576826e-01,-1.952716791881325686e-01,4.271580179181212050e-02,-6.658196777023421206e-03
-1.647259754854881297e+00,4.598609753995966387e-01,-1.739204683263396445e-01,-1.953383118836319876e-01,4.242197857794603039e-02,-6.581766022666143447e-03
-1.649213468218377665e+00,4.602837298553386636e-01,-1.739859050432216447e-01,-1.954042446453999604e-01,4.212906371571788211e-02,-6.505625641672231965e-03
-1.651167837434039720e+00,4.607035596918845344e-01,-1.740505818027838492e-01,-1.954694832804546589e-01,4.183705424558717412e-02,-6.429774344079370978e-03
-1.653122855589429729e+00,4.611204739483642512e-01,-1.741145014894287801e-01,-1.955340335465690915e-01,4.154594720965024829e-02,-6.354210844320399079e-03
-1.655078515829443653e+00,4.615344816343378009e-01,-1.741776669747253370e-01,-1.955979011526922107e-01,4.125573965183074177e-02,-6.278933861249507906e-03
-1.657034811355824644e+00,4.619455917298142533e-01,-1.742400811174531772e-01,-1.956610917593666343e-01,4.096642861806588237e-02,-6.203942118167336643e-03
-1.658991735426680547e+00,4.623538131852729105e-01,-1.743017467636473194e-01,-1.957236109791433143e-01,4.067801115648859989e-02,-6.129234342844983204e-03
-1.660949281356006946e+00,4.627591549216861222e-01,-1.743626667466429137e-01,-1.957854643769931235e-01,4.039048431760561969e-02,-6.054809267546961554e-03
-1.662907442513212430e+00,4.631616258305439326e-01,-1.744228438871203435e-01,-1.958466574707150853e-01,4.010384515447153186e-02,-5.980665629053121685e-03
-1.664866212322649863e+00,4.635612347738803374e-01,-1.744822809931504404e-01,-1.959071957313417156e-01,3.981809072285897450e-02,-5.906802168679552156e-03
-1.666825584263150084e+00,4.639579905843013719e-01,-1.745409808602399748e-01,-1.959670845835410347e-01,3.953321808142495203e-02,-5.833217632298498198e-03
-1.668785551867560502e+00,4.643519020650147544e-01,-1.745989462713772866e-01,-1.960263294060156092e-01,3.924922429187335110e-02,-5.759910770357300550e-03
-1.670746108722287460e+00,4.647429779898611391e-01,-1.746561799970781370e-01,-1.960849355318984022e-01,3.896610641911377876e-02,-5.686880337896389748e-03
-1.672707248466842156e+00,4.651312271033468670e-01,-1.747126847954317275e-01,-1.961429082491455977e-01,3.868386153141671613e-02,-5.614125094566351469e-03
-1.674668964793391224e+00,4.655166581206785503e-01,-1.747684634121468850e-01,-1.962002528009262892e-01,3.840248670056507774e-02,-5.541643804644079407e-03
-1.676631251446310644e+00,4.658992797277987097e-01,-1.748235185805984138e-01,-1.962569743860091420e-01,3.812197900200229445e-02,-5.469435237048039973e-03
-1.678594102221743656e+00,4.662791005814233003e-01,-1.748778530218735583e-01,-1.963130781591459761e-01,3.784233551497687142e-02,-5.397498165352667895e-03
-1.680557510967162882e+00,4.666561293090802365e-01,-1.749314694448186602e-01,-1.963685692314522946e-01,3.756355332268359465e-02,-5.325831367801910944e-03
-1.682521471580934902e+00,4.670303745091498593e-01,-1.749843705460858989e-01,-1.964234526707848150e-01,3.728562951240137202e-02,-5.254433627321941115e-03
-1.684485978011890595e+00,4.674018447509061258e-01,-1.750365590101801427e-01,-1.964777335021160309e-01,3.700856117562778547e-02,-5.183303731533053099e-03
-1.686451024258897480e+00,4.677705485745597414e-01,-1.750880375095059949e-01,-1.965314167079056096e-01,3.673234540821045113e-02,-5.112440472760764777e-03
-1.688416604370436502e+00,4.681364944913020687e-01,-1.751388087044149222e-01,-1.965845072284689854e-01,3.645697931047516688e-02,-5.041842648046144029e-03
-1.690382712444183033e+00,4.684996909833507028e-01,-1.751888752432523844e-01,-1.966370099623428735e-01,3.618245998735099278e-02,-4.971509059155370530e-03
-1.692349342626589870e+00,4.688601465039960448e-01,-1.752382397624051569e-01,-1.966889297666478686e-01,3.590878454849226464e-02,-4.901438512588555084e-03
-1.694316489112476010e+00,4.692178694776491521e-01,-1.752869048863487655e-01,-1.967402714574480183e-01,3.563595010839758909e-02,-4.831629819587833843e-03
-1.696284146144616756e+00,4.695728682998908110e-01,-1.753348732276948374e-01,-1.967910398101076208e-01,3.536395378652591737e-02,-4.762081796144749558e-03
-1.698252308013339373e+00,4.699251513375216072e-01,-1.753821473872387293e-01,-1.968412395596449427e-01,3.509279270740971179e-02,-4.692793263006939802e-03
-1.700220969056120968e+00,4.702747269286132736e-01,-1.754287299540070733e-01,-1.968908754010831597e-01,3.482246400076527415e-02,-4.623763045684147789e-03
-1.702190123657190357e+00,4.706216033825611489e-01,-1.754746235053054326e-01,-1.969399519897983564e-01,3.455296480160030548e-02,-4.554989974453566189e-03
-1.704159766247133057e+00,4.709657889801375230e-01,-1.755198306067659864e-01,-1.969884739418646669e-01,3.428429225031867644e-02,-4.486472884364539095e-03
-1.706129891302500701e+00,4.713072919735460942e-01,-1.755643538123953240e-01,-1.970364458343965008e-01,3.401644349282255397e-02,-4.418210615242625615e-03
-1.708100493345422466e+00,4.716461205864775352e-01,-1.756081956646221298e-01,-1.970838722058881054e-01,3.374941568061188418e-02,-4.350202011693050236e-03
-1.710071566943220489e+00,4.719822830141658931e-01,-1.756513586943450889e-01,-1.971307575565501291e-01,3.348320597088124545e-02,-4.282445923103546034e-03
-1.712043106708029505e+00,4.723157874234459874e-01,-1.756938454209806821e-01,-1.971771063486434661e-01,3.321781152661420350e-02,-4.214941203646608084e-03
-1.714015107296418261e+00,4.726466419528118634e-01,-1.757356583525110372e-01,-1.972229230068102968e-01,3.295322951667512684e-02,-4.147686712281175268e-03
-1.715987563409015149e+00,4.729748547124759672e-01,-1.757767999855318064e-01,-1.972682119184023530e-01,3.268945711589858055e-02,-4.080681312753746577e-03
-1.717960469790136946e+00,4.733004337844292642e-01,-1.758172728053000455e-01,-1.973129774338064635e-01,3.242649150517628448e-02,-4.013923873598948359e-03
-1.719933821227420889e+00,4.736233872225023567e-01,-1.758570792857821197e-01,-1.973572238667672951e-01,3.216432987154172612e-02,-3.947413268139569886e-03
-1.721907612551460076e+00,4.739437230524271571e-01,-1.758962218897015539e-01,-1.974009554947074585e-01,3.190296940825243510e-02,-3.881148374486071556e-03
-1.723881838635440866e+00,4.742614492718996155e-01,-1.759347030685868840e-01,-1.974441765590448372e-01,3.164240731487000940e-02,-3.815128075535584827e-03
-1.725856494394785834e+00,4.745765738506432241e-01,-1.759725252628195902e-01,-1.974868912655072251e-01,3.138264079733786571e-02,-3.749351258970415150e-03
-1.727831574786797164e+00,4.748891047304730773e-01,-1.760096909016818367e-01,-1.975291037844444098e-01,3.112366706805681782e-02,-3.683816817256059181e-03
-1.729807074810304934e+00,4.751990498253608197e-01,-1.760462024034044060e-01,-1.975708182511374811e-01,3.086548334595850748e-02,-3.618523647638746676e-03
-1.731782989505318504e+00,4.755064170215004271e-01,-1.760820621752143822e-01,-1.976120387661055022e-01,3.060808685657669809e-02,-3.553470652142521821e-03
-1.733759313952679237e+00,4.758112141773745418e-01,-1.761172726133830024e-01,-1.976527693954097109e-01,3.035147483211651440e-02,-3.488656737565873096e-03
-1.735736043273718332e+00,4.761134491238214195e-01,-1.761518361032733404e-01,-1.976930141709548894e-01,3.009564451152162493e-02,-3.424080815477924689e-03
-1.737713172629916647e+00,4.764131296641027635e-01,-1.761857550193879907e-01,-1.977327770907884308e-01,2.984059314053945020e-02,-3.359741802214197704e-03
-1.739690697222567417e+00,4.767102635739720595e-01,-1.762190317254167249e-01,-1.977720621193965744e-01,2.958631797178438647e-02,-3.295638618871956759e-03
-1.741668612292442075e+00,4.770048586017434644e-01,-1.762516685742840650e-01,-1.978108731879982540e-01,2.933281626479912474e-02,-3.231770191305145465e-03
-1.743646913119458963e+00,4.772969224683614731e-01,-1.762836679081968005e-01,-1.978492141948363647e-01,2.908008528611406504e-02,-3.168135450118929851e-03
-1.745625595022355592e+00,4.775864628674710843e-01,-1.763150320586915620e-01,-1.978870890054665321e-01,2.882812230930489189e-02,-3.104733330663851480e-03
-1.747604653358362237e+00,4.778734874654884668e-01,-1.763457633466821717e-01,-1.979245014530434110e-01,2.857692461504831791e-02,-3.041562773029605430e-03
-1.749584083522880418e+00,4.781580039016724015e-01,-1.763758640825069945e-01,-1.979614553386044307e-01,2.832648949117605799e-02,-2.978622722038453113e-03
-1.751563880949162266e+00,4.784400197881958361e-01,-1.764053365659762895e-01,-1.979979544313511253e-01,2.807681423272704452e-02,-2.915912127238275142e-03
-1.753544041107994111e+00,4.787195427102184375e-01,-1.764341830864193383e-01,-1.980340024689280776e-01,2.782789614199792858e-02,-2.853429942895278990e-03
-1.755524559507382065e+00,4.789965802259592564e-01,-1.764624059227316855e-01,-1.980696031576993088e-01,2.757973252859190552e-02,-2.791175127986366637e-03
-1.757505431692240494e+00,4.792711398667702238e-01,-1.764900073434221561e-01,-1.981047601730224483e-01,2.733232070946586822e-02,-2.729146646191173056e-03
-1.759486653244083598e+00,4.795432291372097033e-01,-1.765169896066598465e-01,-1.981394771595202942e-01,2.708565800897596437e-02,-2.667343465883784213e-03
-1.761468219780719213e+00,4.798128555151168761e-01,-1.765433549603210306e-01,-1.981737577313501808e-01,2.683974175892154743e-02,-2.605764560124144112e-03
-1.763450126955945496e+00,4.800800264516862370e-01,-1.765691056420359839e-01,-1.982076054724708769e-01,2.659456929858757673e-02,-2.544408906649156532e-03
-1.765432370459250278e+00,4.803447493715427563e-01,-1.765942438792356961e-01,-1.982410239369072347e-01,2.635013797478549108e-02,-2.483275487863493593e-03
-1.767414946015513078e+00,4.806070316728173197e-01,-1.766187718891984726e-01,-1.982740166490124800e-01,2.610644514189257304e-02,-2.422363290830115493e-03
-1.769397849384709565e+00,4.808668807272225565e-01,-1.766426918790965361e-01,-1.983065871037281991e-01,2.586348816188985614e-02,-2.361671307260513556e-03
-1.771381076361619122e+00,4.811243038801291116e-01,-1.766660060460424342e-01,-1.983387387668419932e-01,2.562126440439857836e-02,-2.301198533504680930e-03
-1.773364622775534194e+00,4.813793084506421960e-01,-1.766887165771353352e-01,-1.983704750752429968e-01,2.537977124671523393e-02,-2.240943970540819601e-03
-1.775348484489972734e+00,4.816319017316784690e-01,-1.767108256495072693e-01,-1.984017994371750360e-01,2.513900607384522701e-02,-2.180906623964792845e-03
-1.777332657402392657e+00,4.818820909900433103e-01,-1.767323354303693139e-01,-1.984327152324875387e-01,2.489896627853517216e-02,-2.121085503979328740e-03
-1.779317137443909624e+00,4.821298834665084243e-01,-1.767532480770575287e-01,-1.984632258128843640e-01,2.465964926130386967e-02,-2.061479625382982555e-03
-1.781301920579016818e+00,4.823752863758896670e-01,-1.767735657370789193e-01,-1.984933345021702711e-01,2.442105243047195534e-02,-2.002088007558864083e-03
-1.783287002805306720e+00,4.826183069071253162e-01,-1.767932905481571781e-01,-1.985230445964953350e-01,2.418317320219028760e-02,-1.942909674463140111e-03
-1.785272380153196226e+00,4.828589522233542874e-01,-1.768124246382783982e-01,-1.985523593645971419e-01,2.394600900046707850e-02,-1.883943654613314846e-03
-1.787258048685653300e+00,4.830972294619950702e-01,-1.768309701257365640e-01,-1.985812820480408469e-01,2.370955725719377932e-02,-1.825188981076296965e-03
-1.789244004497926976e+00,4.833331457348246096e-01,-1.768489291191790436e-01,-1.986098158614570675e-01,2.347381541216976911e-02,-1.766644691456260028e-03
-1.791230243717278903e+00,4.835667081280573543e-01,-1.768663037176519126e-01,-1.986379639927777219e-01,2.323878091312587407e-02,-1.708309827882302512e-03
-1.793216762502717110e+00,4.837979237024249146e-01,-1.768830960106450578e-01,-1.986657296034697595e-01,2.300445121574669696e-02,-1.650183436995912058e-03
-1.795203557044733556e+00,4.840267994932556106e-01,-1.768993080781373350e-01,-1.986931158287668087e-01,2.277082378369184312e-02,-1.592264569938242787e-03
-1.797190623565041889e+00,4.842533425105542966e-01,-1.769149419906414222e-01,-1.987201257778987429e-01,2.253789608861601901e-02,-1.534552282337210477e-03
-1.799177958316318993e+00,4.844775597390823529e-01,-1.769299998092486725e-01,-1.987467625343191935e-01,2.230566561018803087e-02,-1.477045634294409712e-03
-1.801165557581948740e+00,4.846994581384381218e-01,-1.769444835856737730e-01,-1.987730291559311191e-01,2.207412983610873916e-02,-1.419743690371862545e-03
-1.803153417675766645e+00,4.849190446431371204e-01,-1.769583953622992645e-01,-1.987989286753102380e-01,2.184328626212794430e-02,-1.362645519578600632e-03
-1.805141534941808734e+00,4.851363261626926437e-01,-1.769717371722199784e-01,-1.988244640999265733e-01,2.161313239206025597e-02,-1.305750195357089282e-03
-1.807129905754061072e+00,4.853513095816965883e-01,-1.769845110392872511e-01,-1.988496384123639160e-01,2.138366573779995963e-02,-1.249056795569495823e-03
-1.809118526516211745e+00,4.855640017599002212e-01,-1.769967189781531114e-01,-1.988744545705374567e-01,2.115488381933489440e-02,-1.192564402483811377e-03
-1.811107393661405718e+00,4.857744095322951705e-01,-1.770083629943142167e-01,-1.988989155079093629e-01,2.092678416475937317e-02,-1.136272102759827360e-03
-1.813096503652001035e+00,4.859825397091946386e-01,-1.770194450841557354e-01,-1.989230241337024419e-01,2.069936431028614188e-02,-1.080178987434974279e-03
-1.815085852979328118e+00,4.861883990763146146e-01,-1.770299672349950060e-01,-1.989467833331119428e-01,2.047262180025743658e-02,-1.024284151910027614e-03
-1.817075438163449519e+00,4.863919943948551428e-01,-1.770399314251251688e-01,-1.989701959675153897e-01,2.024655418715512467e-02,-9.685866959346841340e-04
-1.819065255752923882e+00,4.865933324015818129e-01,-1.770493396238585482e-01,-1.989932648746805810e-01,2.002115903160994748e-02,-9.130857235930152620e-04
-1.821055302324569913e+00,4.867924198089073617e-01,-1.770581937915698956e-01,-1.990159928689717583e-01,1.979643390240991979e-02,-8.577803432888007505e-04
-1.823045574483233899e+00,4.869892633049732189e-01,-1.770664958797395494e-01,-1.990383827415538043e-01,1.957237637650785164e-02,-8.026696677307482933e-04
-1.825036068861558780e+00,4.871838695537311636e-01,-1.770742478309964008e-01,-1.990604372605947192e-01,1.934898403902806166e-02,-7.477528139176025518e-04
-1.827026782119754778e+00,4.873762451950250929e-01,-1.770814515791607202e-01,-1.990821591714661831e-01,1.912625448327225086e-02,-6.930289031231491202e-04
-1.829017710945372910e+00,4.875663968446728447e-01,-1.770881090492867904e-01,-1.991035511969424521e-01,1.890418531072459926e-02,-6.384970608811164688e-04
-1.831008852053079616e+00,4.877543310945480770e-01,-1.770942221577055387e-01,-1.991246160373973395e-01,1.868277413105607840e-02,-5.841564169699808504e-04
-1.833000202184434047e+00,4.879400545126620359e-01,-1.770997928120667531e-01,-1.991453563709993935e-01,1.846201856212798670e-02,-5.300061053976782904e-04
-1.834991758107666682e+00,4.881235736432455452e-01,-1.771048229113814654e-01,-1.991657748539055195e-01,1.824191622999474238e-02,-4.760452643862271311e-04
-1.836983516617460399e+00,4.883048950068309968e-01,-1.771093143460638619e-01,-1.991858741204526051e-01,1.802246476890595819e-02,-4.222730363562657904e-04
-1.838975474534733090e+00,4.884840251003342293e-01,-1.771132689979733055e-01,-1.992056567833476177e-01,1.780366182130777367e-02,-3.686885679115087721e-04
-1.840967628706422277e+00,4.886609703971365182e-01,-1.771166887404560519e-01,-1.992251254338558430e-01,1.758550503784350738e-02,-3.152910098231252647e-04
-1.842959976005271727e+00,4.888357373471665657e-01,-1.771195754383868004e-01,-1.992442826419875967e-01,1.736799207735362227e-02,-2.620795170140436878e-04
-1.844952513329619848e+00,4.890083323769824908e-01,-1.771219309482102156e-01,-1.992631309566830211e-01,1.715112060687500051e-02,-2.090532485431861735e-04
-1.846945237603190071e+00,4.891787618898537637e-01,-1.771237571179821446e-01,-1.992816729059953829e-01,1.693488830163958694e-02,-1.562113675896358532e-04
-1.848938145774882358e+00,4.893470322658430849e-01,-1.771250557874107789e-01,-1.992999109972727334e-01,1.671929284507236990e-02,-1.035530414367411261e-04
-1.850931234818567361e+00,4.895131498618883747e-01,-1.771258287878975657e-01,-1.993178477173377927e-01,1.650433192878875827e-02,-5.107744145615963135e-05
-1.852924501732882367e+00,4.896771210118847084e-01,-1.771260779425780640e-01,-1.993354855326662789e-01,1.629000325259130980e-02,1.216256908154448484e-06
-1.854917943541028347e+00,4.898389520267660280e-01,-1.771258050663625794e-01,-1.993528268895636835e-01,1.607630452446589392e-02,5.332887415601655624e-05
-1.856911557290569004e+00,4.899986491945870770e-01,-1.771250119659766031e-01,-1.993698742143403535e-01,1.586323346057725084e-02,1.052612267471283644e-04
-1.858905340053232047e+00,4.901562187806050575e-01,-1.771237004400011694e-01,-1.993866299134850473e-01,1.565078778526397124e-02,1.570141271172417253e-04
-1.860899288924711792e+00,4.903116670273615085e-01,-1.771218722789130173e-01,-1.994030963738368800e-01,1.543896523103293304e-02,2.085883836943669986e-04
-1.862893401024473095e+00,4.904650001547637972e-01,-1.771195292651245867e-01,-1.994192759627557709e-01,1.522776353855316740e-02,2.599848009150225589e-04
-1.864887673495557951e+00,4.906162243601667194e-01,-1.771166731730238197e-01,-1.994351710282912804e-01,1.501718045664920953e-02,3.112041792405231778e-04
-1.866882103504392987e+00,4.907653458184541573e-01,-1.771133057690138790e-01,-1.994507838993500037e-01,1.480721374229391693e-02,3.622473151733037995e-04
-1.868876688240598716e+00,4.909123706821203470e-01,-1.771094288115525883e-01,-1.994661168858613276e-01,1.459786116060077243e-02,4.131150012732764921e-04
-1.870871424916801029e+00,4.910573050813514251e-01,-1.771050440511918733e-01,-1.994811722789418262e-01,1.438912048481569457e-02,4.638080261742176481e-04
-1.872866310768443343e+00,4.912001551241065300e-01,-1.771001532306168413e-01,-1.994959523510580479e-01,1.418098949630835527e-02,5.143271746001831313e-04
-1.874861343053601193e+00,4.913409268961990706e-01,-1.770947580846848335e-01,-1.995104593561879136e-01,1.397346598456302227e-02,5.646732273819481422e-04
-1.876856519052798156e+00,4.914796264613778831e-01,-1.770888603404643102e-01,-1.995246955299805891e-01,1.376654774716893487e-02,6.148469614734700149e-04
-1.878851836068823555e+00,4.916162598614081669e-01,-1.770824617172734872e-01,-1.995386630899149971e-01,1.356023258981022689e-02,6.648491499683716142e-04
-1.880847291426550827e+00,4.917508331161523638e-01,-1.770755639267189152e-01,-1.995523642354568028e-01,1.335451832625540389e-02,7.146805621164415909e-04
-1.882842882472758994e+00,4.918833522236509825e-01,-1.770681686727337278e-01,-1.995658011482139560e-01,1.314940277834638835e-02,7.643419633401514436e-04
-1.884838606575954367e+00,4.920138231602033674e-01,-1.770602776516159715e-01,-1.995789759920909567e-01,1.294488377598713991e-02,8.138341152511848310e-04
-1.886834461126194462e+00,4.921422518804480228e-01,-1.770518925520665199e-01,-1.995918909134416497e-01,1.274095915713186443e-02,8.631577756669784858e-04
-1.888830443534913472e+00,4.922686443174432713e-01,-1.770430150552269877e-01,-1.996045480412205197e-01,1.253762676777282065e-02,9.123136986272718015e-04
-1.890826551234748187e+00,4.923930063827474668e-01,-1.770336468347173953e-01,-1.996169494871328776e-01,1.233488446192773126e-02,9.613026344106632504e-04
-1.892822781679367461e+00,4.925153439664992083e-01,-1.770237895566737496e-01,-1.996290973457834073e-01,1.213273010162681242e-02,1.010125329551171897e-03
-1.894819132343300794e+00,4.926356629374974982e-01,-1.770134448797853199e-01,-1.996409936948235764e-01,1.193116155689943197e-02,1.058782526854800971e-03
-1.896815600721770245e+00,4.927539691432814561e-01,-1.770026144553319414e-01,-1.996526405950975469e-01,1.173017670576039645e-02,1.107274965416103069e-03
-1.898812184330523012e+00,4.928702684102102549e-01,-1.769912999272209575e-01,-1.996640400907869484e-01,1.152977343419588768e-02,1.155603380634742964e-03
-1.900808880705665116e+00,4.929845665435427238e-01,-1.769795029320241353e-01,-1.996751942095540966e-01,1.132994963614905419e-02,1.203768504232058910e-03
-1.902805687403497314e+00,4.930968693275168402e-01,-1.769672250990143580e-01,-1.996861049626841855e-01,1.113070321350525561e-02,1.251771064267618401e-03
-1.904802602000352119e+00,4.932071825254291109e-01,-1.769544680502021239e-01,-1.996967743452260080e-01,1.093203207607699144e-02,1.299611785155766787e-03
-1.906799622092431701e+00,4.933155118797137306e-01,-1.769412334003719611e-01,-1.997072043361313720e-01,1.073393414158849840e-02,1.347291387682168729e-03
-1.908796745295648023e+00,4.934218631120216303e-01,-1.769275227571186215e-01,-1.997173968983934622e-01,1.053640733566004080e-02,1.394810589020338597e-03
-1.910793969245463408e+00,4.935262419232993580e-01,-1.769133377208831071e-01,-1.997273539791837305e-01,1.033944959179189209e-02,1.442170102748160238e-03
-1.912791291596733778e+00,4.936286539938677942e-01,-1.768986798849885578e-01,-1.997370775099876206e-01,1.014305885134803020e-02,1.489370638864392655e-03
-1.914788710023551666e+00,4.937291049835006995e-01,-1.768835508356759179e-01,-1.997465694067391828e-01,9.947233063539527576e-03,1.536412903805161158e-03
-1.916786222219092117e+00,4.938276005315030970e-01,-1.768679521521395737e-01,-1.997558315699542453e-01,9.751970185407680958e-03,1.583297600460432247e-03
-1.918783825895458373e+00,4.939241462567895424e-01,-1.768518854065626311e-01,-1.997648658848625303e-01,9.557268181806848062e-03,1.630025428190470718e-03
-1.920781518783530428e+00,4.940187477579621178e-01,-1.768353521641521930e-01,-1.997736742215385497e-01,9.363125025387034409e-03,1.676597082842277465e-03
-1.922779298632813827e+00,4.941114106133882578e-01,-1.768183539831743867e-01,-1.997822584350313346e-01,9.169538696576214759e-03,1.723013256766006479e-03
-1.924777163211289555e+00,4.942021403812785763e-01,-1.768008924149892525e-01,-1.997906203654928603e-01,8.976507183562401279e-03,1.769274638831360141e-03
-1.926775110305266603e+00,4.942909425997641937e-01,-1.767829690040854662e-01,-1.997987618383055275e-01,8.784028482275474045e-03,1.815381914443960900e-03
-1.928773137719234310e+00,4.943778227869742858e-01,-1.767645852881148949e-01,-1.998066846642083116e-01,8.592100596368768689e-03,1.861335765561698222e-03
-1.930771243275716920e+00,4.944627864411129670e-01,-1.767457427979269857e-01,-1.998143906394218017e-01,8.400721537200436795e-03,1.907136870711050166e-03
-1.932769424815128367e+00,4.945458390405365057e-01,-1.767264430576030443e-01,-1.998218815457721564e-01,8.209889323814579046e-03,1.952785905003376994e-03
-1.934767680195629724e+00,4.946269860438298749e-01,-1.767066875844902629e-01,-1.998291591508139786e-01,8.019601982922163266e-03,1.998283540151187237e-03
-1.936766007292986647e+00,4.947062328898834127e-01,-1.766864778892356103e-01,-1.998362252079519119e-01,7.829857548881732562e-03,2.043630444484373625e-03
-1.938764404000428598e+00,4.947835849979692613e-01,-1.766658154758196098e-01,-1.998430814565612945e-01,7.640654063679906162e-03,2.088827282966419091e-03
-1.940762868228509408e+00,4.948590477678174171e-01,-1.766447018415899517e-01,-1.998497296221076747e-01,7.451989576911684232e-03,2.133874717210569594e-03
-1.942761397904968046e+00,4.949326265796918367e-01,-1.766231384772948276e-01,-1.998561714162652159e-01,7.263862145760554938e-03,2.178773405495975941e-03
-1.944759990974591846e+00,4.950043267944661540e-01,-1.766011268671162371e-01,-1.998624085370341030e-01,7.076269834978423691e-03,2.223524002783801561e-03
-1.946758645399080612e+00,4.950741537536992865e-01,-1.765786684887031555e-01,-1.998684426688567550e-01,6.889210716865351580e-03,2.268127160733292985e-03
-1.948757359156910951e+00,4.951421127797107635e-01,-1.765557648132043411e-01,-1.998742754827331491e-01,6.702682871249125533e-03,2.312583527717818662e-03
-1.950756130243202824e+00,4.952082091756560001e-01,-1.765324173053012258e-01,-1.998799086363350075e-01,6.516684385464656740e-03,2.356893748840866581e-03
-1.952754956669586761e+00,4.952724482256011806e-01,-1.765086274232404717e-01,-1.998853437741189287e-01,6.331213354333214277e-03,2.401058465952007632e-03
-1.954753836464072192e+00,4.953348351945980887e-01,-1.764843966188664182e-01,-1.998905825274386316e-01,6.146267880141500009e-03,2.445078317662818194e-03
-1.956752767670916882e+00,4.953953753287585471e-01,-1.764597263376534719e-01,-1.998956265146559774e-01,5.961846072620571695e-03,2.488953939362765436e-03
-1.958751748350498145e+00,4.954540738553289136e-01,-1.764346180187381652e-01,-1.999004773412511871e-01,5.777946048924615177e-03,2.532685963235048812e-03
-1.960750776579183841e+00,4.955109359827639670e-01,-1.764090730949511299e-01,-1.999051365999319485e-01,5.594565933609576061e-03,2.576275018272404255e-03
-1.962749850449205580e+00,4.955659669008011248e-01,-1.763830929928490165e-01,-1.999096058707416079e-01,5.411703858611650007e-03,2.619721730292864145e-03
-1.964748968068532387e+00,4.956191717805338848e-01,-1.763566791327460526e-01,-1.999138867211663617e-01,5.229357963225641191e-03,2.663026721955475632e-03
-1.966748127560745907e+00,4.956705557744854329e-01,-1.763298329287456279e-01,-1.999179807062413661e-01,5.047526394083194992e-03,2.706190612775973437e-03
-1.968747327064916508e+00,4.957201240166818623e-01,-1.763025557887716310e-01,-1.999218893686561249e-01,4.866207305130898844e-03,2.749214019142412306e-03
-1.970746564735479822e+00,4.957678816227251706e-01,-1.762748491145996188e-01,-1.999256142388587676e-01,4.685398857608272932e-03,2.792097554330750901e-03
-1.972745838742115509e+00,4.958138336898661458e-01,-1.762467143018879301e-01,-1.999291568351593551e-01,4.505099220025638590e-03,2.834841828520391887e-03
-1.974745147269625800e+00,4.958579852970769752e-01,-1.762181527402084669e-01,-1.999325186638323815e-01,4.325306568141881747e-03,2.877447448809675613e-03
-1.976744488517816034e+00,4.959003415051235764e-01,-1.761891658130775307e-01,-1.999357012192182759e-01,4.146019084942106220e-03,2.919915019231326958e-03
-1.978743860701375645e+00,4.959409073566377613e-01,-1.761597548979863537e-01,-1.999387059838240166e-01,3.967234960615186393e-03,2.962245140767854473e-03
-1.980743262049760478e+00,4.959796878761890682e-01,-1.761299213664315466e-01,-1.999415344284228291e-01,3.788952392531221448e-03,3.004438411366902248e-03
-1.982742690807075991e+00,4.960166880703566483e-01,-1.760996665839452968e-01,-1.999441880121529680e-01,3.611169585218898959e-03,3.046495425956551473e-03
-1.984742145231960908e+00,4.960519129278005979e-01,-1.760689919101256218e-01,-1.999466681826156389e-01,3.433884750342765246e-03,3.088416776460575167e-03
-1.986741623597472861e+00,4.960853674193332341e-01,-1.760378986986661787e-01,-1.999489763759720595e-01,3.257096106680411156e-03,3.130203051813640856e-03
-1.988741124190974263e+00,4.961170564979901498e-01,-1.760063882973862404e-01,-1.999511140170395496e-01,3.080801880099575014e-03,3.171854837976465120e-03
-1.990740645314019286e+00,4.961469850991009900e-01,-1.759744620482602273e-01,-1.999530825193869266e-01,2.905000303535170553e-03,3.213372717950915662e-03
-1.992740185282242393e+00,4.961751581403598954e-01,-1.759421212874472673e-01,-1.999548832854289027e-01,2.729689616966235466e-03,3.254757271795063502e-03
-1.994739742425246209e+00,4.962015805218960018e-01,-1.759093673453205886e-01,-1.999565177065196486e-01,2.554868067392813188e-03,3.296009076638183131e-03
-1.996739315086492272e+00,4.962262571263434396e-01,-1.758762015464967188e-01,-1.999579871630456085e-01,2.380533908812765709e-03,3.337128706695699758e-03
-1.998738901623191566e+00,4.962491928189111667e-01,-1.758426252098645171e-01,-1.999592930245173705e-01,2.206685402198521346e-03,3.378116733284085814e-03
-2.000738500406196163e+00,4.962703924474527462e-01,-1.758086396486140957e-01,-1.999604366496608165e-01,2.033320815473764389e-03,3.418973724835703241e-03
-2.002738109819891754e+00,4.962898608425355129e-01,-1.757742461702656578e-01,-1.999614193865073553e-01,1.860438423490065780e-03,3.459700246913591584e-03
-2.004737728262091512e+00,4.963076028175099075e-01,-1.757394460766980027e-01,-1.999622425724834340e-01,1.688036508003460008e-03,3.500296862226204894e-03
-2.006737354143929508e+00,4.963236231685784206e-01,-1.757042406641770860e-01,-1.999629075344992180e-01,1.516113357650972779e-03,3.540764130642092694e-03
-2.008736985889757687e+00,4.963379266748640939e-01,-1.756686312233843028e-01,-1.999634155890364084e-01,1.344667267927098821e-03,3.581102609204527606e-03
-2.010736621937040614e+00,4.963505180984791876e-01,-1.756326190394446873e-01,-1.999637680422354236e-01,1.173696541160237396e-03,3.621312852146076587e-03
-2.012736260736252447e+00,4.963614021845933477e-01,-1.755962053919549459e-01,-1.999639661899816068e-01,1.003199486489083801e-03,3.661395410903119270e-03
-2.014735900750775688e+00,4.963705836615014411e-01,-1.755593915550113515e-01,-1.999640113179909084e-01,8.331744198389847604e-04,3.701350834130309915e-03
-2.016735540456799924e+00,4.963780672406915562e-01,-1.755221787972374436e-01,-1.999639047018945126e-01,6.636196638982565232e-04,3.741179667714982990e-03
-2.018735178343220138e+00,4.963838576169122829e-01,-1.754845683818117008e-01,-1.999636476073229918e-01,4.945335480944708676e-04,3.780882454791505403e-03
-2.020734812911538558e+00,4.963879594682401031e-01,-1.754465615664949352e-01,-1.999632412899894629e-01,3.259144085707098813e-04,3.820459735755568458e-03
-2.022734442675765187e+00,4.963903774561464477e-01,-1.754081596036576873e-01,-1.999626869957722153e-01,1.577605881617947744e-04,3.859912048278427762e-03
-2.024734066162319657e+00,4.963911162255644771e-01,-1.753693637403072880e-01,-1.999619859607964234e-01,-9.929563629511545080e-06,3.899239927321083293e-03
-2.026733681909934859e+00,4.963901804049555277e-01,-1.753301752181149475e-01,-1.999611394115152485e-01,-1.771576906563230376e-04,3.938443905148403951e-03
-2.028733288469559692e+00,4.963875746063755590e-01,-1.752905952734427064e-01,-1.999601485647901633e-01,-3.439254301514693734e-04,3.977524511343196595e-03
-2.030732884404264915e+00,4.963833034255412668e-01,-1.752506251373701085e-01,-1.999590146279706104e-01,-5.102344127513517950e-04,4.016482272820213507e-03
-2.032732468289146333e+00,4.963773714418957539e-01,-1.752102660357207908e-01,-1.999577387989728283e-01,-6.760862625198138347e-04,4.055317713840106073e-03
-2.034732038711233315e+00,4.963697832186743653e-01,-1.751695191890890457e-01,-1.999563222663581774e-01,-8.414825969720243900e-04,4.094031356023320779e-03
-2.036731594269393764e+00,4.963605433029698588e-01,-1.751283858128661053e-01,-1.999547662094105782e-01,-1.006425027098370450e-03,4.132623718363933642e-03
-2.038731133574242183e+00,4.963496562257976308e-01,-1.750868671172662872e-01,-1.999530717982133665e-01,-1.170915157388358659e-03,4.171095317243433444e-03
-2.040730655248048198e+00,4.963371265021606082e-01,-1.750449643073531403e-01,-1.999512401937253991e-01,-1.334954585854521538e-03,4.209446666444439066e-03
-2.042730157924646406e+00,4.963229586311138641e-01,-1.750026785830653131e-01,-1.999492725478565769e-01,-1.498544904056327070e-03,4.247678277164363900e-03
-2.044729640249344893e+00,4.963071570958290657e-01,-1.749600111392423385e-01,-1.999471700035426458e-01,-1.661687697124090458e-03,4.285790658029021288e-03
-2.046729100878836860e+00,4.962897263636585343e-01,-1.749169631656503354e-01,-1.999449336948192213e-01,-1.824384543782884248e-03,4.323784315106168376e-03
-2.048728538481111805e+00,4.962706708861994165e-01,-1.748735358470074330e-01,-1.999425647468953959e-01,-1.986637016376445204e-03,4.361659751918996186e-03
-2.050727951735366705e+00,4.962499950993570774e-01,-1.748297303630091948e-01,-1.999400642762265146e-01,-2.148446680891078365e-03,4.399417469459555516e-03
-2.052727339331920753e+00,4.962277034234088280e-01,-1.747855478883539038e-01,-1.999374333905863110e-01,-2.309815096979551778e-03,4.437057966202129916e-03
-2.054726699972126980e+00,4.962038002630669298e-01,-1.747409895927675705e-01,-1.999346731891384898e-01,-2.470743817984983638e-03,4.474581738116545360e-03
-2.056726032368287438e+00,4.961782900075417113e-01,-1.746960566410290516e-01,-1.999317847625076416e-01,-2.631234390964719023e-03,4.511989278681421793e-03
-2.058725335243567933e+00,4.961511770306042401e-01,-1.746507501929947526e-01,-1.999287691928494648e-01,-2.791288356714194917e-03,4.549281078897369178e-03
-2.060724607331914537e+00,4.961224656906488284e-01,-1.746050714036234686e-01,-1.999256275539204875e-01,-2.950907249790789624e-03,4.586457627300119348e-03
-2.062723847377967878e+00,4.960921603307553163e-01,-1.745590214230008375e-01,-1.999223609111470401e-01,-3.110092598537656135e-03,4.623519409973603222e-03
-2.064723054136982761e+00,4.960602652787511335e-01,-1.745126013963639311e-01,-1.999189703216937564e-01,-3.268845925107539876e-03,4.660466910562965567e-03
-2.066722226374743787e+00,4.960267848472729724e-01,-1.744658124641254582e-01,-1.999154568345313521e-01,-3.427168745486575650e-03,4.697300610287523381e-03
-2.068721362867484981e+00,4.959917233338284048e-01,-1.744186557618980504e-01,-1.999118214905038493e-01,-3.585062569518062889e-03,4.734020987953663565e-03
-2.070720462401808071e+00,4.959550850208571671e-01,-1.743711324205182434e-01,-1.999080653223951898e-01,-3.742528900926221820e-03,4.770628519967681606e-03
-2.072719523774603001e+00,4.959168741757923327e-01,-1.743232435660704849e-01,-1.999041893549953763e-01,-3.899569237339920585e-03,4.807123680348562161e-03
-2.074718545792967550e+00,4.958770950511209863e-01,-1.742749903199109218e-01,-1.999001946051658096e-01,-4.056185070316381536e-03,4.843506940740700643e-03
-2.076717527274129171e+00,4.958357518844449530e-01,-1.742263737986910477e-01,-1.998960820819042639e-01,-4.212377885364858472e-03,4.879778770426561503e-03
-2.078716467045365945e+00,4.957928488985410276e-01,-1.741773951143813226e-01,-1.998918527864091688e-01,-4.368149161970283530e-03,4.915939636339284463e-03
-2.080715363943929308e+00,4.957483903014212601e-01,-1.741280553742945436e-01,-1.998875077121433363e-01,-4.523500373616888039e-03,4.951990003075225702e-03
-2.082714216816966779e+00,4.957023802863927409e-01,-1.740783556811091870e-01,-1.998830478448971881e-01,-4.678432987811789560e-03,4.987930332906444393e-03
-2.084713024521445579e+00,4.956548230321172199e-01,-1.740282971328925843e-01,-1.998784741628513717e-01,-4.832948466108546830e-03,5.023761085793125060e-03
-2.086711785924077578e+00,4.956057227026706702e-01,-1.739778808231239593e-01,-1.998737876366388500e-01,-4.987048264130680870e-03,5.059482719395946154e-03
-2.088710499901242912e+00,4.955550834476023514e-01,-1.739271078407173821e-01,-1.998689892294063797e-01,-5.140733831595162284e-03,5.095095689088388786e-03
-2.090709165338915820e+00,4.955029094019937075e-01,-1.738759792700445839e-01,-1.998640798968756294e-01,-5.294006612335858640e-03,5.130600447968982139e-03
-2.092707781132591371e+00,4.954492046865173194e-01,-1.738244961909576058e-01,-1.998590605874035198e-01,-5.446868044326948037e-03,5.165997446873495970e-03
-2.094706346187211743e+00,4.953939734074950807e-01,-1.737726596788114197e-01,-1.998539322420422037e-01,-5.599319559706291034e-03,5.201287134387069799e-03
-2.096704859417092948e+00,4.953372196569566510e-01,-1.737204708044863544e-01,-1.998486957945984910e-01,-5.751362584798765283e-03,5.236469956856288320e-03
-2.098703319745853335e+00,4.952789475126974650e-01,-1.736679306344104112e-01,-1.998433521716926897e-01,-5.902998540139555925e-03,5.271546358401192622e-03
-2.100701726106341205e+00,4.952191610383363529e-01,-1.736150402305814411e-01,-1.998379022928170046e-01,-6.054228840497405222e-03,5.306516780927235909e-03
-2.102700077440565085e+00,4.951578642833732724e-01,-1.735618006505892930e-01,-1.998323470703934346e-01,-6.205054894897821423e-03,5.341381664137181962e-03
-2.104698372699622677e+00,4.950950612832464848e-01,-1.735082129476377411e-01,-1.998266874098310053e-01,-6.355478106646237323e-03,5.376141445542942029e-03
-2.106696610843630246e+00,4.950307560593897316e-01,-1.734542781705663561e-01,-1.998209242095827509e-01,-6.505499873351129787e-03,5.410796560477356201e-03
-2.108694790841654676e+00,4.949649526192890781e-01,-1.733999973638722381e-01,-1.998150583612020026e-01,-6.655121586947088108e-03,5.445347442105916667e-03
-2.110692911671643746e+00,4.948976549565394789e-01,-1.733453715677315821e-01,-1.998090907493982604e-01,-6.804344633717839853e-03,5.479794521438430266e-03
-2.112690972320358629e+00,4.948288670509011777e-01,-1.732904018180212724e-01,-1.998030222520925936e-01,-6.953170394319222077e-03,5.514138227340624650e-03
-2.114688971783305504e+00,4.947585928683560508e-01,-1.732350891463401432e-01,-1.997968537404724854e-01,-7.101600243802110024e-03,5.548378986545698943e-03
-2.116686909064669386e+00,4.946868363611632291e-01,-1.731794345800303503e-01,-1.997905860790462895e-01,-7.249635551635290331e-03,5.582517223665811948e-03
-2.118684783177247510e+00,4.946136014679150539e-01,-1.731234391421984653e-01,-1.997842201256971872e-01,-7.397277681728287382e-03,5.616553361203516573e-03
-2.120682593142382277e+00,4.945388921135924765e-01,-1.730671038517365701e-01,-1.997777567317365610e-01,-7.544527992454135891e-03,5.650487819563137018e-03
-2.122680337989896859e+00,4.944627122096202365e-01,-1.730104297233431287e-01,-1.997711967419571466e-01,-7.691387836672098841e-03,5.684321017062085243e-03
-2.124678016758030363e+00,4.943850656539220401e-01,-1.729534177675437767e-01,-1.997645409946854356e-01,-7.837858561750338585e-03,5.718053369942121926e-03
-2.126675628493372550e+00,4.943059563309752380e-01,-1.728960689907121373e-01,-1.997577903218338835e-01,-7.983941509588523763e-03,5.751685292380562774e-03
-2.128673172250800771e+00,4.942253881118654490e-01,-1.728383843950902776e-01,-1.997509455489524521e-01,-8.129638016640393719e-03,5.785217196501424991e-03
-2.130670647093416470e+00,4.941433648543408497e-01,-1.727803649788092755e-01,-1.997440074952798461e-01,-8.274949413936255257e-03,5.818649492386516499e-03
-2.132668052092481226e+00,4.940598904028664085e-01,-1.727220117359095364e-01,-1.997369769737942780e-01,-8.419877027105431705e-03,5.851982588086471378e-03
-2.134665386327356362e+00,4.939749685886776209e-01,-1.726633256563611107e-01,-1.997298547912636779e-01,-8.564422176398647779e-03,5.885216889631727198e-03
-2.136662648885439442e+00,4.938886032298342998e-01,-1.726043077260837333e-01,-1.997226417482956817e-01,-8.708586176710362420e-03,5.918352801043445105e-03
-2.138659838862103424e+00,4.938007981312740879e-01,-1.725449589269670014e-01,-1.997153386393869801e-01,-8.852370337601044373e-03,5.951390724344375258e-03
-2.140656955360636271e+00,4.937115570848654711e-01,-1.724852802368901650e-01,-1.997079462529723903e-01,-8.995775963319381854e-03,5.984331059569665892e-03
-2.142653997492180107e+00,4.936208838694610135e-01,-1.724252726297420546e-01,-1.997004653714733735e-01,-9.138804352824434971e-03,6.017174204777616005e-03
-2.144650964375671265e+00,4.935287822509499822e-01,-1.723649370754407606e-01,-1.996928967713462177e-01,-9.281456799807734359e-03,6.049920556060372524e-03
-2.146647855137780780e+00,4.934352559823110274e-01,-1.723042745399532005e-01,-1.996852412231298612e-01,-9.423734592715310443e-03,6.082570507554573708e-03
-2.148644668912856215e+00,4.933403088036644735e-01,-1.722432859853147147e-01,-1.996774994914931600e-01,-9.565639014769665438e-03,6.115124451451932688e-03
-2.150641404842862592e+00,4.932439444423243891e-01,-1.721819723696483562e-01,-1.996696723352817671e-01,-9.707171343991681176e-03,6.147582778009771584e-03
-2.152638062077324221e+00,4.931461666128506005e-01,-1.721203346471842643e-01,-1.996617605075647617e-01,-9.848332853222471414e-03,6.179945875561494890e-03
-2.154634639773267413e+00,4.930469790171002620e-01,-1.720583737682788161e-01,-1.996537647556807238e-01,-9.989124810145161293e-03,6.212214130527013434e-03
-2.156631137095163631e+00,4.929463853442795362e-01,-1.719960906794336941e-01,-1.996456858212834751e-01,-1.012954847730660780e-02,6.244387927423109344e-03
-2.158627553214872208e+00,4.928443892709945540e-01,-1.719334863233148991e-01,-1.996375244403873483e-01,-1.026960511213905955e-02,6.276467648873748119e-03
-2.160623887311585278e+00,4.927409944613027060e-01,-1.718705616387716240e-01,-1.996292813434121793e-01,-1.040929596698175058e-02,6.308453675620338645e-03
-2.162620138571770489e+00,4.926362045667633249e-01,-1.718073175608550163e-01,-1.996209572552279099e-01,-1.054862228910241964e-02,6.340346386531933373e-03
-2.164616306189117712e+00,4.925300232264883116e-01,-1.717437550208368302e-01,-1.996125528951986638e-01,-1.068758532071878431e-02,6.372146158615381653e-03
-2.166612389364482194e+00,4.924224540671926498e-01,-1.716798749462280227e-01,-1.996040689772266008e-01,-1.082618629901992667e-02,6.403853367025422356e-03
-2.168608387305831275e+00,4.923135007032443666e-01,-1.716156782607972664e-01,-1.995955062097953259e-01,-1.096442645618763388e-02,6.435468385074729659e-03
-2.170604299228190648e+00,4.922031667367146590e-01,-1.715511658845892129e-01,-1.995868652960129108e-01,-1.110230701941765721e-02,6.466991584243898979e-03
-2.172600124353590179e+00,4.920914557574276871e-01,-1.714863387339428669e-01,-1.995781469336545821e-01,-1.123982921094090863e-02,6.498423334191384335e-03
-2.174595861911010619e+00,4.919783713430099237e-01,-1.714211977215097105e-01,-1.995693518152050205e-01,-1.137699424804459319e-02,6.529764002763381071e-03
-2.176591511136332091e+00,4.918639170589396703e-01,-1.713557437562717722e-01,-1.995604806279003829e-01,-1.151380334309327555e-02,6.561013956003656535e-03
-2.178587071272279907e+00,4.917480964585960734e-01,-1.712899777435596405e-01,-1.995515340537697691e-01,-1.165025770354987007e-02,6.592173558163324371e-03
-2.180582541568374833e+00,4.916309130833080854e-01,-1.712239005850702822e-01,-1.995425127696765499e-01,-1.178635853199656858e-02,6.623243171710573723e-03
-2.182577921280880240e+00,4.915123704624031475e-01,-1.711575131788848902e-01,-1.995334174473592237e-01,-1.192210702615570210e-02,6.654223157340339451e-03
-2.184573209672751037e+00,4.913924721132556517e-01,-1.710908164194865078e-01,-1.995242487534719111e-01,-1.205750437891052983e-02,6.685113873983922900e-03
-2.186568406013583932e+00,4.912712215413354011e-01,-1.710238111977776532e-01,-1.995150073496246013e-01,-1.219255177832595689e-02,6.715915678818561510e-03
-2.188563509579566357e+00,4.911486222402554058e-01,-1.709564984010978062e-01,-1.995056938924229528e-01,-1.232725040766919321e-02,6.746628927276945506e-03
-2.190558519653427183e+00,4.910246776918199552e-01,-1.708888789132408104e-01,-1.994963090335078182e-01,-1.246160144543032727e-02,6.777253973056684283e-03
-2.192553435524386973e+00,4.908993913660723019e-01,-1.708209536144721374e-01,-1.994868534195944343e-01,-1.259560606534284623e-02,6.807791168129719885e-03
-2.194548256488109139e+00,4.907727667213419576e-01,-1.707527233815461509e-01,-1.994773276925111694e-01,-1.272926543640407436e-02,6.838240862751691906e-03
-2.196542981846650644e+00,4.906448072042921549e-01,-1.706841890877232037e-01,-1.994677324892381309e-01,-1.286258072289554917e-02,6.868603405471249493e-03
-2.198537610908414486e+00,4.905155162499666988e-01,-1.706153516027866524e-01,-1.994580684419453021e-01,-1.299555308440331937e-02,6.898879143139314760e-03
-2.200532142988101292e+00,4.903848972818370400e-01,-1.705462117930598154e-01,-1.994483361780303721e-01,-1.312818367583817869e-02,6.929068420918293308e-03
-2.202526577406662245e+00,4.902529537118486824e-01,-1.704767705214227380e-01,-1.994385363201562622e-01,-1.326047364745582859e-02,6.959171582291236169e-03
-2.204520913491251566e+00,4.901196889404679236e-01,-1.704070286473290674e-01,-1.994286694862884013e-01,-1.339242414487696459e-02,6.989188969070950566e-03
-2.206515150575179440e+00,4.899851063567278175e-01,-1.703369870268225672e-01,-1.994187362897315852e-01,-1.352403630910729848e-02,7.019120921409063851e-03
-2.208509287997866721e+00,4.898492093382744161e-01,-1.702666465125537987e-01,-1.994087373391665308e-01,-1.365531127655750417e-02,7.048967777805035390e-03
-2.210503325104796968e+00,4.897120012514125098e-01,-1.701960079537965242e-01,-1.993986732386862082e-01,-1.378625017906309411e-02,7.078729875115117275e-03
-2.212497261247472924e+00,4.895734854511513690e-01,-1.701250721964641388e-01,-1.993885445878317564e-01,-1.391685414390422468e-02,7.108407548561271674e-03
-2.214491095783369445e+00,4.894336652812501520e-01,-1.700538400831259622e-01,-1.993783519816281768e-01,-1.404712429382542864e-02,7.138001131740031799e-03
-2.216484828075889979e+00,4.892925440742632026e-01,-1.699823124530234209e-01,-1.993680960106196942e-01,-1.417706174705527997e-02,7.167510956631322969e-03
-2.218478457494320377e+00,4.891501251515849580e-01,-1.699104901420861735e-01,-1.993577772609048115e-01,-1.430666761732597714e-02,7.196937353607225571e-03
-2.220471983413785377e+00,4.890064118234950796e-01,-1.698383739829481820e-01,-1.993473963141710603e-01,-1.443594301389286572e-02,7.226280651440697249e-03
-2.222465405215205081e+00,4.888614073892028622e-01,-1.697659648049636705e-01,-1.993369537477295006e-01,-1.456488904155388286e-02,7.255541177314243917e-03
-2.224458722285250989e+00,4.887151151368918645e-01,-1.696932634342228907e-01,-1.993264501345489159e-01,-1.469350680066892900e-02,7.284719256828543071e-03
-2.226451934016302925e+00,4.885675383437642072e-01,-1.696202706935679982e-01,-1.993158860432896751e-01,-1.482179738717917181e-02,7.313815214011019396e-03
-2.228445039806405070e+00,4.884186802760845381e-01,-1.695469874026086787e-01,-1.993052620383373719e-01,-1.494976189262627216e-02,7.342829371324374396e-03
-2.230438039059225108e+00,4.882685441892240519e-01,-1.694734143777378299e-01,-1.992945786798361041e-01,-1.507740140417154241e-02,7.371762049675066597e-03
-2.232430931184010259e+00,4.881171333277041779e-01,-1.693995524321469937e-01,-1.992838365237215859e-01,-1.520471700461503012e-02,7.400613568421744899e-03
-2.234423715595546867e+00,4.879644509252399898e-01,-1.693254023758418159e-01,-1.992730361217538715e-01,-1.533170977241453230e-02,7.429384245383639437e-03
-2.236416391714118213e+00,4.878105002047836702e-01,-1.692509650156574230e-01,-1.992621780215498573e-01,-1.545838078170453170e-02,7.458074396848898661e-03
-2.238408958965462769e+00,4.876552843785675884e-01,-1.691762411552737155e-01,-1.992512627666155056e-01,-1.558473110231506364e-02,7.486684337582885651e-03
-2.240401416780733346e+00,4.874988066481472648e-01,-1.691012315952304945e-01,-1.992402908963777919e-01,-1.571076179979051177e-02,7.515214380836428461e-03
-2.242393764596457562e+00,4.873410702044440601e-01,-1.690259371329425608e-01,-1.992292629462164288e-01,-1.583647393540833087e-02,7.543664838354019291e-03
-2.244386001854496104e+00,4.871820782277879180e-01,-1.689503585627148141e-01,-1.992181794474952028e-01,-1.596186856619769348e-02,7.572036020381972890e-03
-2.246378128002003649e+00,4.870218338879596098e-01,-1.688744966757571575e-01,-1.992070409275931986e-01,-1.608694674495806873e-02,7.600328235676538126e-03
-2.248370142491388890e+00,4.868603403442329780e-01,-1.687983522601992914e-01,-1.991958479099356638e-01,-1.621170952027772491e-02,7.628541791511965313e-03
-2.250362044780275017e+00,4.866976007454169584e-01,-1.687219261011055904e-01,-1.991846009140246510e-01,-1.633615793655216614e-02,7.656676993688524106e-03
-2.252353834331461080e+00,4.865336182298974355e-01,-1.686452189804897306e-01,-1.991733004554694098e-01,-1.646029303400248570e-02,7.684734146540481495e-03
-2.254345510612882020e+00,4.863683959256788758e-01,-1.685682316773293998e-01,-1.991619470460164742e-01,-1.658411584869365352e-02,7.712713552944035558e-03
-2.256337073097571810e+00,4.862019369504257948e-01,-1.684909649675807308e-01,-1.991505411935795833e-01,-1.670762741255273770e-02,7.740615514325198052e-03
-2.258328521263624378e+00,4.860342444115040017e-01,-1.684134196241928172e-01,-1.991390834022692680e-01,-1.683082875338703585e-02,7.768440330667642293e-03
-2.260319854594155853e+00,4.858653214060218439e-01,-1.683355964171221464e-01,-1.991275741724222448e-01,-1.695372089490215090e-02,7.796188300520498146e-03
-2.262311072577266824e+00,4.856951710208710082e-01,-1.682574961133467828e-01,-1.991160140006305868e-01,-1.707630485671999057e-02,7.823859721006109699e-03
-2.264302174706005477e+00,4.855237963327673212e-01,-1.681791194768807174e-01,-1.991044033797705615e-01,-1.719858165439668712e-02,7.851454887827747850e-03
-2.266293160478329849e+00,4.853512004082912723e-01,-1.681004672687879398e-01,-1.990927427990313026e-01,-1.732055229944045455e-02,7.878974095277274312e-03
-2.268284029397071855e+00,4.851773863039284818e-01,-1.680215402471965935e-01,-1.990810327439432315e-01,-1.744221779932936603e-02,7.906417636242772662e-03
-2.270274780969900874e+00,4.850023570661097794e-01,-1.679423391673128818e-01,-1.990692736964062293e-01,-1.756357915752906548e-02,7.933785802216127350e-03
-2.272265414709286446e+00,4.848261157312513947e-01,-1.678628647814350561e-01,-1.990574661347175867e-01,-1.768463737351040274e-02,7.961078883300564540e-03
-2.274255930132464076e+00,4.846486653257947586e-01,-1.677831178389672384e-01,-1.990456105335996762e-01,-1.780539344276699937e-02,7.988297168218147851e-03
-2.276246326761397931e+00,4.844700088662461379e-01,-1.677030990864332161e-01,-1.990337073642274857e-01,-1.792584835683274161e-02,8.015440944317235930e-03
-2.278236604122747089e+00,4.842901493592162154e-01,-1.676228092674901526e-01,-1.990217570942558467e-01,-1.804600310329919702e-02,8.042510497579894932e-03
-2.280226761747828679e+00,4.841090898014593913e-01,-1.675422491229421329e-01,-1.990097601878464684e-01,-1.816585866583297557e-02,8.069506112629265884e-03
-2.282216799172585020e+00,4.839268331799129186e-01,-1.674614193907538462e-01,-1.989977171056947769e-01,-1.828541602419299361e-02,8.096428072736899101e-03
-2.284206715937548093e+00,4.837433824717359832e-01,-1.673803208060639369e-01,-1.989856283050564223e-01,-1.840467615424768930e-02,8.123276659830041754e-03
-2.286196511587804459e+00,4.835587406443484504e-01,-1.672989541011984937e-01,-1.989734942397737016e-01,-1.852364002799215814e-02,8.150052154498880347e-03
-2.288186185672963280e+00,4.833729106554695010e-01,-1.672173200056843445e-01,-1.989613153603017048e-01,-1.864230861356521232e-02,8.176754836003753690e-03
-2.290175737747120799e+00,4.831858954531561556e-01,-1.671354192462623234e-01,-1.989490921137342105e-01,-1.876068287526637401e-02,8.203384982282310375e-03
-2.292165167368827472e+00,4.829976979758415778e-01,-1.670532525469005103e-01,-1.989368249438294156e-01,-1.887876377357280630e-02,8.229942869956640220e-03
-2.294154474101055108e+00,4.828083211523732099e-01,-1.669708206288073038e-01,-1.989245142910354980e-01,-1.899655226515615039e-02,8.256428774340355409e-03
-2.296143657511163116e+00,4.826177679020507427e-01,-1.668881242104444662e-01,-1.989121605925157910e-01,-1.911404930289931428e-02,8.282842969445633474e-03
-2.298132717170866535e+00,4.824260411346638078e-01,-1.668051640075400854e-01,-1.988997642821739853e-01,-1.923125583591318161e-02,8.309185727990223841e-03
-2.300121652656203164e+00,4.822331437505298357e-01,-1.667219407331015646e-01,-1.988873257906789427e-01,-1.934817280955325111e-02,8.335457321404412742e-03
-2.302110463547501595e+00,4.820390786405314154e-01,-1.666384550974284173e-01,-1.988748455454893982e-01,-1.946480116543619979e-02,8.361658019837944766e-03
-2.304099149429348792e+00,4.818438486861534864e-01,-1.665547078081249799e-01,-1.988623239708784685e-01,-1.958114184145639050e-02,8.387788092166911444e-03
-2.306087709890558557e+00,4.816474567595206979e-01,-1.664706995701132064e-01,-1.988497614879577990e-01,-1.969719577180229289e-02,8.413847806000596466e-03
-2.308076144524140449e+00,4.814499057234342128e-01,-1.663864310856452700e-01,-1.988371585147018228e-01,-1.981296388697284527e-02,8.439837427688286209e-03
-2.310064452927267808e+00,4.812511984314085667e-01,-1.663019030543161081e-01,-1.988245154659714353e-01,-1.992844711379374023e-02,8.465757222326033421e-03
-2.312052634701247555e+00,4.810513377277084168e-01,-1.662171161730759128e-01,-1.988118327535378649e-01,-2.004364637543365121e-02,8.491607453763393154e-03
-2.314040689451488664e+00,4.808503264473849015e-01,-1.661320711362426206e-01,-1.987991107861060147e-01,-2.015856259142036894e-02,8.517388384610110122e-03
-2.316028616787471961e+00,4.806481674163119999e-01,-1.660467686355142358e-01,-1.987863499693378333e-01,-2.027319667765689268e-02,8.543100276242778304e-03
-2.318016416322719930e+00,4.804448634512227811e-01,-1.659612093599811267e-01,-1.987735507058754070e-01,-2.038754954643743830e-02,8.568743388811453712e-03
-2.320004087674766513e+00,4.802404173597452641e-01,-1.658753939961382651e-01,-1.987607133953638305e-01,-2.050162210646338037e-02,8.594317981246232460e-03
-2.321991630465126466e+00,4.800348319404384445e-01,-1.657893232278974116e-01,-1.987478384344740223e-01,-2.061541526285912140e-02,8.619824311263792407e-03
-2.323979044319267384e+00,4.798281099828278218e-01,-1.657029977365991891e-01,-1.987349262169251785e-01,-2.072892991718789865e-02,8.645262635373898372e-03
-2.325966328866579058e+00,4.796202542674410374e-01,-1.656164182010251007e-01,-1.987219771335071716e-01,-2.084216696746752501e-02,8.670633208885870913e-03
-2.327953483740344609e+00,4.794112675658431799e-01,-1.655295852974095761e-01,-1.987089915721027555e-01,-2.095512730818604660e-02,8.695936285915008279e-03
-2.329940508577711622e+00,4.792011526406720900e-01,-1.654424996994518227e-01,-1.986959699177094918e-01,-2.106781183031734839e-02,8.721172119388989272e-03
-2.331927403019663281e+00,4.789899122456733882e-01,-1.653551620783276777e-01,-1.986829125524616491e-01,-2.118022142133668684e-02,8.746340961054225802e-03
-2.333914166710989502e+00,4.787775491257352800e-01,-1.652675731027013761e-01,-1.986698198556517692e-01,-2.129235696523614982e-02,8.771443061482180753e-03
-2.335900799300259845e+00,4.785640660169234728e-01,-1.651797334387373195e-01,-1.986566922037521776e-01,-2.140421934254005051e-02,8.796478670075656356e-03
-2.337887300439793758e+00,4.783494656465157036e-01,-1.650916437501116774e-01,-1.986435299704362445e-01,-2.151580943032025892e-02,8.821448035075042660e-03
-2.339873669785633936e+00,4.781337507330362113e-01,-1.650033046980240170e-01,-1.986303335265995618e-01,-2.162712810221146739e-02,8.846351403564529578e-03
-2.341859906997518337e+00,4.779169239862899321e-01,-1.649147169412088221e-01,-1.986171032403807879e-01,-2.173817622842637298e-02,8.871189021478282505e-03
-2.343846011738852209e+00,4.776989881073968047e-01,-1.648258811359469278e-01,-1.986038394771824922e-01,-2.184895467577081807e-02,8.895961133606586704e-03
-2.345831983676681443e+00,4.774799457888255771e-01,-1.647367979360769841e-01,-1.985905425996917772e-01,-2.195946430765883736e-02,8.920667983601955273e-03
-2.347817822481665484e+00,4.772597997144278903e-01,-1.646474679930067797e-01,-1.985772129679006792e-01,-2.206970598412765980e-02,8.945309813985197200e-03
-2.349803527828049798e+00,4.770385525594716958e-01,-1.645578919557245112e-01,-1.985638509391264295e-01,-2.217968056185263409e-02,8.969886866151461149e-03
-2.351789099393640559e+00,4.768162069906750622e-01,-1.644680704708100516e-01,-1.985504568680316329e-01,-2.228938889416209185e-02,8.994399380376234127e-03
-2.353774536859776667e+00,4.765927656662393708e-01,-1.643780041824460803e-01,-1.985370311066441684e-01,-2.239883183105214129e-02,9.018847595821307198e-03
-2.355759839911304443e+00,4.763682312358826776e-01,-1.642876937324292130e-01,-1.985235740043769792e-01,-2.250801021920139158e-02,9.043231750540718650e-03
-2.357745008236550976e+00,4.761426063408727427e-01,-1.641971397601810212e-01,-1.985100859080476954e-01,-2.261692490198562860e-02,9.067552081486646848e-03
-2.359730041527299704e+00,4.759158936140600593e-01,-1.641063429027590503e-01,-1.984965671618981464e-01,-2.272557671949240049e-02,9.091808824515280538e-03
-2.361714939478762432e+00,4.756880956799106053e-01,-1.640153037948677284e-01,-1.984830181076136235e-01,-2.283396650853556503e-02,9.116002214392650987e-03
-2.363699701789555796e+00,4.754592151545385392e-01,-1.639240230688692734e-01,-1.984694390843420586e-01,-2.294209510266974339e-02,9.140132484800432902e-03
-2.365684328161675065e+00,4.752292546457387301e-01,-1.638325013547944631e-01,-1.984558304287130648e-01,-2.304996333220473564e-02,9.164199868341708910e-03
-2.367668818300469713e+00,4.749982167530190647e-01,-1.637407392803534034e-01,-1.984421924748567267e-01,-2.315757202421985309e-02,9.188204596546706293e-03
-2.369653171914617218e+00,4.747661040676327548e-01,-1.636487374709462705e-01,-1.984285255544223081e-01,-2.326492200257819845e-02,9.212146899878495554e-03
-2.371637388716100414e+00,4.745329191726103679e-01,-1.635564965496739132e-01,-1.984148299965968476e-01,-2.337201408794087332e-02,9.236027007738661226e-03
-2.373621468420180847e+00,4.742986646427919117e-01,-1.634640171373484274e-01,-1.984011061281235333e-01,-2.347884909778112650e-02,9.259845148472932788e-03
-2.375605410745375679e+00,4.740633430448584207e-01,-1.633712998525037319e-01,-1.983873542733199380e-01,-2.358542784639843654e-02,9.283601549376793022e-03
-2.377589215413432822e+00,4.738269569373638190e-01,-1.632783453114060035e-01,-1.983735747540961436e-01,-2.369175114493253173e-02,9.307296436701048212e-03
-2.379572882149308288e+00,4.735895088707663403e-01,-1.631851541280641138e-01,-1.983597678899727268e-01,-2.379781980137734773e-02,9.330930035657365382e-03
-2.381556410681140434e+00,4.733510013874599465e-01,-1.630917269142400094e-01,-1.983459339980984948e-01,-2.390363462059491920e-02,9.354502570423783511e-03
-2.383539800740227754e+00,4.731114370218056364e-01,-1.629980642794589540e-01,-1.983320733932682767e-01,-2.400919640432921248e-02,9.378014264150186588e-03
-2.385523052061004456e+00,4.728708183001624210e-01,-1.629041668310198809e-01,-1.983181863879403817e-01,-2.411450595121989240e-02,9.401465338963750640e-03
-2.387506164381018703e+00,4.726291477409184649e-01,-1.628100351740055241e-01,-1.983042732922539741e-01,-2.421956405681602656e-02,9.424856015974356072e-03
-2.389489137440908184e+00,4.723864278545217843e-01,-1.627156699112926042e-01,-1.982903344140464208e-01,-2.432437151358973065e-02,9.448186515279972247e-03
-2.391471970984377027e+00,4.721426611435109999e-01,-1.626210716435618486e-01,-1.982763700588703326e-01,-2.442892911094975139e-02,9.471457055972005643e-03
-2.393454664758173589e+00,4.718978501025459238e-01,-1.625262409693081223e-01,-1.982623805300105235e-01,-2.453323763525497997e-02,9.494667856140627180e-03
-2.395437218512068700e+00,4.716519972184379239e-01,-1.624311784848503359e-01,-1.982483661285009691e-01,-2.463729786982792047e-02,9.517819132880056196e-03
-2.397419631998831235e+00,4.714051049701803442e-01,-1.623358847843414665e-01,-1.982343271531414042e-01,-2.474111059496807152e-02,9.540911102293825330e-03
-2.399401904974207689e+00,4.711571758289785916e-01,-1.622403604597783544e-01,-1.982202639005139766e-01,-2.484467658796528020e-02,9.563943979500007242e-03
-2.401384037196899079e+00,4.709082122582801122e-01,-1.621446061010115569e-01,-1.982061766649996504e-01,-2.494799662311300570e-02,9.586917978636420520e-03
-2.403366028428539192e+00,4.706582167138043671e-01,-1.620486222957551736e-01,-1.981920657387945262e-01,-2.505107147172153104e-02,9.609833312865792218e-03
-2.405347878433673259e+00,4.704071916435725864e-01,-1.619524096295964777e-01,-1.981779314119260227e-01,-2.515390190213112609e-02,9.632690194380906512e-03
-2.407329586979735314e+00,4.701551394879373569e-01,-1.618559686860056857e-01,-1.981637739722690028e-01,-2.525648867972513437e-02,9.655488834409713464e-03
-2.409311153837028652e+00,4.699020626796122646e-01,-1.617593000463455333e-01,-1.981495937055616219e-01,-2.535883256694300772e-02,9.678229443220406555e-03
-2.411292578778702289e+00,4.696479636437009830e-01,-1.616624042898808233e-01,-1.981353908954211485e-01,-2.546093432329328207e-02,9.700912230126482877e-03
-2.413273861580730983e+00,4.693928447977269158e-01,-1.615652819937880014e-01,-1.981211658233597017e-01,-2.556279470536649417e-02,9.723537403491763417e-03
-2.415255002021894803e+00,4.691367085516618962e-01,-1.614679337331645925e-01,-1.981069187687997391e-01,-2.566441446684802549e-02,9.746105170735387332e-03
-2.417235999883756925e+00,4.688795573079555523e-01,-1.613703600810386385e-01,-1.980926500090895159e-01,-2.576579435853091141e-02,9.768615738336781928e-03
-2.419216854950644091e+00,4.686213934615638399e-01,-1.612725616083780511e-01,-1.980783598195183792e-01,-2.586693512832857061e-02,9.791069311840599684e-03
-2.421197567009625740e+00,4.683622193999780192e-01,-1.611745388840999660e-01,-1.980640484733320050e-01,-2.596783752128748249e-02,9.813466095861627519e-03
-2.423178135850493131e+00,4.681020375032531877e-01,-1.610762924750799852e-01,-1.980497162417474144e-01,-2.606850227959981239e-02,9.835806294089666571e-03
-2.425158561265740254e+00,4.678408501440366463e-01,-1.609778229461614474e-01,-1.980353633939679614e-01,-2.616893014261597109e-02,9.858090109294391154e-03
-2.427138843050542949e+00,4.675786596875963763e-01,-1.608791308601645320e-01,-1.980209901971981268e-01,-2.626912184685711860e-02,9.880317743330173028e-03
-2.429118981002738931e+00,4.673154684918493507e-01,-1.607802167778954738e-01,-1.980065969166582840e-01,-2.636907812602760914e-02,9.902489397140876171e-03
-2.431098974922808242e+00,4.670512789073893445e-01,-1.606810812581555559e-01,-1.979921838155992708e-01,-2.646879971102737705e-02,9.924605270764632475e-03
-2.433078824613853719e+00,4.667860932775152460e-01,-1.605817248577502132e-01,-1.979777511553168778e-01,-2.656828732996427411e-02,9.946665563338584481e-03
-2.435058529881581890e+00,4.665199139382587568e-01,-1.604821481314980258e-01,-1.979632991951662258e-01,-2.666754170816634101e-02,9.968670473103598620e-03
-2.437038090534282553e+00,4.662527432184120912e-01,-1.603823516322395726e-01,-1.979488281925760040e-01,-2.676656356819401977e-02,9.990620197408959374e-03
-2.439017506382810563e+00,4.659845834395557329e-01,-1.602823359108463963e-01,-1.979343384030626540e-01,-2.686535362985232808e-02,1.001251493271703048e-02
-2.440996777240566296e+00,4.657154369160856899e-01,-1.601821015162298301e-01,-1.979198300802443578e-01,-2.696391261020294680e-02,1.003435487460788839e-02
-2.442975902923476994e+00,4.654453059552411953e-01,-1.600816489953498234e-01,-1.979053034758549989e-01,-2.706224122357627632e-02,1.005614021778393485e-02
-2.444954883249977673e+00,4.651741928571316853e-01,-1.599809788932236576e-01,-1.978907588397579853e-01,-2.716034018158343388e-02,1.007787115607447839e-02
-2.446933718040993355e+00,4.649020999147640554e-01,-1.598800917529346333e-01,-1.978761964199599321e-01,-2.725821019312818158e-02,1.009954788244029483e-02
-2.448912407119918644e+00,4.646290294140696386e-01,-1.597789881156408132e-01,-1.978616164626242901e-01,-2.735585196441880917e-02,1.012117058897815149e-02
-2.450890950312601735e+00,4.643549836339310732e-01,-1.596776685205835711e-01,-1.978470192120847793e-01,-2.745326619897996145e-02,1.014273946692531743e-02
-2.452869347447324877e+00,4.640799648462092253e-01,-1.595761335050961960e-01,-1.978324049108588778e-01,-2.755045359766441354e-02,1.016425470666404082e-02
-2.454847598354786165e+00,4.638039753157696676e-01,-1.594743836046124130e-01,-1.978177737996610341e-01,-2.764741485866477680e-02,1.018571649772600368e-02
-2.456825702868081773e+00,4.635270173005093253e-01,-1.593724193526748489e-01,-1.978031261174158506e-01,-2.774415067752517006e-02,1.020712502879674889e-02
-2.458803660822688641e+00,4.632490930513828986e-01,-1.592702412809434975e-01,-1.977884621012711563e-01,-2.784066174715281797e-02,1.022848048772008293e-02
-2.460781472056445818e+00,4.629702048124290648e-01,-1.591678499192041296e-01,-1.977737819866110802e-01,-2.793694875782961468e-02,1.024978306150245433e-02
-2.462759136409538030e+00,4.626903548207968453e-01,-1.590652457953765642e-01,-1.977590860070687628e-01,-2.803301239722360769e-02,1.027103293631730779e-02
-2.464736653724477478e+00,4.624095453067715855e-01,-1.589624294355230782e-01,-1.977443743945392907e-01,-2.812885335040046092e-02,1.029223029750940717e-02
-2.466714023846086512e+00,4.621277784938009336e-01,-1.588594013638565949e-01,-1.977296473791922415e-01,-2.822447229983483449e-02,1.031337532959914274e-02
-2.468691246621480317e+00,4.618450565985207090e-01,-1.587561621027489822e-01,-1.977149051894843412e-01,-2.831986992542172635e-02,1.033446821628680908e-02
-2.470668321900050923e+00,4.615613818307805483e-01,-1.586527121727391298e-01,-1.977001480521719534e-01,-2.841504690448776183e-02,1.035550914045685854e-02
-2.472645249533448997e+00,4.612767563936697734e-01,-1.585490520925411928e-01,-1.976853761923233754e-01,-2.851000391180242080e-02,1.037649828418213231e-02
-2.474622029375567411e+00,4.609911824835425942e-01,-1.584451823790526404e-01,-1.976705898333311895e-01,-2.860474161958921971e-02,1.039743582872806361e-02
-2.476598661282524816e+00,4.607046622900437538e-01,-1.583411035473622497e-01,-1.976557891969244751e-01,-2.869926069753684500e-02,1.041832195455686012e-02
-2.478575145112648315e+00,4.604171979961337313e-01,-1.582368161107582383e-01,-1.976409745031808551e-01,-2.879356181281022067e-02,1.043915684133166558e-02
-2.480551480726458813e+00,4.601287917781139436e-01,-1.581323205807361187e-01,-1.976261459705385137e-01,-2.888764563006153765e-02,1.045994066792068841e-02
-2.482527667986652364e+00,4.598394458056517253e-01,-1.580276174670067202e-01,-1.976113038158081037e-01,-2.898151281144123112e-02,1.048067361240131480e-02
-2.484503706758085517e+00,4.595491622418054756e-01,-1.579227072775040430e-01,-1.975964482541845701e-01,-2.907516401660888844e-02,1.050135585206419565e-02
-2.486479596907758438e+00,4.592579432430493047e-01,-1.578175905183930305e-01,-1.975815794992588914e-01,-2.916859990274412937e-02,1.052198756341731108e-02
-2.488455338304799813e+00,4.589657909592979590e-01,-1.577122676940775070e-01,-1.975666977630296806e-01,-2.926182112455742376e-02,1.054256892219000881e-02
-2.490430930820449529e+00,4.586727075339313564e-01,-1.576067393072078660e-01,-1.975518032559147319e-01,-2.935482833430085731e-02,1.056310010333702532e-02
-2.492406374328044905e+00,4.583786951038191226e-01,-1.575010058586887862e-01,-1.975368961867625672e-01,-2.944762218177884860e-02,1.058358128104247911e-02
-2.494381668703002486e+00,4.580837557993450715e-01,-1.573950678476869758e-01,-1.975219767628636491e-01,-2.954020331435882121e-02,1.060401262872383982e-02
-2.496356813822805609e+00,4.577878917444314633e-01,-1.572889257716387768e-01,-1.975070451899617885e-01,-2.963257237698181321e-02,1.062439431903588159e-02
-2.498331809566986195e+00,4.574911050565632076e-01,-1.571825801262577427e-01,-1.974921016722653022e-01,-2.972473001217305205e-02,1.064472652387460881e-02
-2.500306655817110979e+00,4.571933978468120108e-01,-1.570760314055422990e-01,-1.974771464124580878e-01,-2.981667686005246704e-02,1.066500941438115919e-02
-2.502281352456765973e+00,4.568947722198604122e-01,-1.569692801017831540e-01,-1.974621796117106975e-01,-2.990841355834516005e-02,1.068524316094568785e-02
-2.504255899371541361e+00,4.565952302740255986e-01,-1.568623267055709314e-01,-1.974472014696912192e-01,-2.999994074239182087e-02,1.070542793321122531e-02
-2.506230296449016404e+00,4.562947741012831626e-01,-1.567551717058034977e-01,-1.974322121845762112e-01,-3.009125904515910430e-02,1.072556390007751992e-02
-2.508204543578745227e+00,4.559934057872909730e-01,-1.566478155896934288e-01,-1.974172119530613612e-01,-3.018236909724994824e-02,1.074565122970485079e-02
-2.510178640652240833e+00,4.556911274114125998e-01,-1.565402588427753650e-01,-1.974022009703722824e-01,-3.027327152691383985e-02,1.076569008951782161e-02
-2.512152587562961781e+00,4.553879410467407962e-01,-1.564325019489133939e-01,-1.973871794302750338e-01,-3.036396696005705040e-02,1.078568064620913890e-02
-2.514126384206296638e+00,4.550838487601209792e-01,-1.563245453903082949e-01,-1.973721475250867219e-01,-3.045445602025280418e-02,1.080562306574335898e-02
-2.516100030479549776e+00,4.547788526121744335e-01,-1.562163896475048386e-01,-1.973571054456859097e-01,-3.054473932875140935e-02,1.082551751336062115e-02
-2.518073526281928043e+00,4.544729546573215151e-01,-1.561080351993989757e-01,-1.973420533815229139e-01,-3.063481750449033661e-02,1.084536415358035646e-02
-2.520046871514524778e+00,4.541661569438047441e-01,-1.559994825232451088e-01,-1.973269915206302405e-01,-3.072469116410425291e-02,1.086516315020497406e-02
-2.522020066080306933e+00,4.538584615137117306e-01,-1.558907320946631425e-01,-1.973119200496326331e-01,-3.081436092193501342e-02,1.088491466632353008e-02
-2.523993109884101305e+00,4.535498704029981565e-01,-1.557817843876456443e-01,-1.972968391537572863e-01,-3.090382739004158760e-02,1.090461886431537582e-02
-2.525966002832578994e+00,4.532403856415104237e-01,-1.556726398745649220e-01,-1.972817490168438936e-01,-3.099309117820996107e-02,1.092427590585378153e-02
-2.527938744834242968e+00,4.529300092530084143e-01,-1.555632990261800741e-01,-1.972666498213546116e-01,-3.108215289396297487e-02,1.094388595190953946e-02
-2.529911335799414296e+00,4.526187432551880274e-01,-1.554537623116440115e-01,-1.972515417483839406e-01,-3.117101314257013367e-02,1.096344916275455474e-02
-2.531883775640217937e+00,4.523065896597037727e-01,-1.553440301985103411e-01,-1.972364249776685785e-01,-3.125967252705734445e-02,1.098296569796540501e-02
-2.533856064270569863e+00,4.519935504721910302e-01,-1.552341031527404436e-01,-1.972212996875971347e-01,-3.134813164821664139e-02,1.100243571642688621e-02
-2.535828201606162402e+00,4.516796276922883657e-01,-1.551239816387102177e-01,-1.972061660552198448e-01,-3.143639110461582398e-02,1.102185937633553756e-02
-2.537800187564452248e+00,4.513648233136597909e-01,-1.550136661192171028e-01,-1.971910242562581184e-01,-3.152445149260808821e-02,1.104123683520314217e-02
-2.539772022064647139e+00,4.510491393240168012e-01,-1.549031570554867676e-01,-1.971758744651141149e-01,-3.161231340634158837e-02,1.106056824986021911e-02
-2.541743705027691203e+00,4.507325777051403581e-01,-1.547924549071799938e-01,-1.971607168548801803e-01,-3.169997743776897109e-02,1.107985377645948066e-02
-2.543715236376253852e+00,4.504151404329029273e-01,-1.546815601323994205e-01,-1.971455515973482286e-01,-3.178744417665684691e-02,1.109909357047928272e-02
-2.545686616034715577e+00,4.500968294772901279e-01,-1.545704731876962335e-01,-1.971303788630190124e-01,-3.187471421059523413e-02,1.111828778672704562e-02
-2.547657843929155508e+00,4.497776468024224927e-01,-1.544591945280769096e-01,-1.971151988211114758e-01,-3.196178812500692634e-02,1.113743657934266294e-02
-2.549628919987338982e+00,4.494575943665772289e-01,-1.543477246070098230e-01,-1.971000116395718038e-01,-3.204866650315687376e-02,1.115654010180189282e-02
-2.551599844138703777e+00,4.491366741222095338e-01,-1.542360638764319336e-01,-1.970848174850825807e-01,-3.213534992616145364e-02,1.117559850691971640e-02
-2.553570616314349007e+00,4.488148880159742449e-01,-1.541242127867553102e-01,-1.970696165230718389e-01,-3.222183897299774058e-02,1.119461194685369629e-02
-2.555541236447020914e+00,4.484922379887470445e-01,-1.540121717868737083e-01,-1.970544089177219960e-01,-3.230813422051272837e-02,1.121358057310730023e-02
-2.557511704471102210e+00,4.481687259756457209e-01,-1.538999413241691483e-01,-1.970391948319787367e-01,-3.239423624343248931e-02,1.123250453653321622e-02
-2.559482020322598306e+00,4.478443539060513734e-01,-1.537875218445183545e-01,-1.970239744275598948e-01,-3.248014561437130576e-02,1.125138398733664148e-02
-2.561452183939126215e+00,4.475191237036295622e-01,-1.536749137922991948e-01,-1.970087478649641677e-01,-3.256586290384075322e-02,1.127021907507855941e-02
-2.563422195259901670e+00,4.471930372863511249e-01,-1.535621176103971752e-01,-1.969935153034798048e-01,-3.265138868025874164e-02,1.128900994867899389e-02
-2.565392054225726692e+00,4.468660965665131601e-01,-1.534491337402117406e-01,-1.969782769011933221e-01,-3.273672350995852215e-02,1.130775675642024802e-02
-2.567361760778979374e+00,4.465383034507598436e-01,-1.533359626216627136e-01,-1.969630328149979959e-01,-3.282186795719763128e-02,1.132645964595011857e-02
-2.569331314863599669e+00,4.462096598401031344e-01,-1.532226046931966235e-01,-1.969477832006023554e-01,-3.290682258416680744e-02,1.134511876428510348e-02
-2.571300716425079180e+00,4.458801676299433692e-01,-1.531090603917929505e-01,-1.969325282125386489e-01,-3.299158795099886576e-02,1.136373425781357811e-02
-2.573269965410449611e+00,4.455498287100897459e-01,-1.529953301529704268e-01,-1.969172680041712253e-01,-3.307616461577753131e-02,1.138230627229896638e-02
-2.575239061768269444e+00,4.452186449647809185e-01,-1.528814144107932260e-01,-1.969020027277048612e-01,-3.316055313454622372e-02,1.140083495288288229e-02
-2.577208005448613726e+00,4.448866182727052032e-01,-1.527673135978772634e-01,-1.968867325341929209e-01,-3.324475406131680022e-02,1.141932044408826112e-02
-2.579176796403062966e+00,4.445537505070210060e-01,-1.526530281453962745e-01,-1.968714575735456551e-01,-3.332876794807825699e-02,1.143776288982247327e-02
-2.581145434584690257e+00,4.442200435353768073e-01,-1.525385584830879770e-01,-1.968561779945382506e-01,-3.341259534480540971e-02,1.145616243338041552e-02
-2.583113919948051507e+00,4.438854992199314786e-01,-1.524239050392602046e-01,-1.968408939448189343e-01,-3.349623679946750476e-02,1.147451921744759192e-02
-2.585082252449173001e+00,4.435501194173741557e-01,-1.523090682407969854e-01,-1.968256055709169949e-01,-3.357969285803680259e-02,1.149283338410316685e-02
-2.587050432045540749e+00,4.432139059789441671e-01,-1.521940485131645093e-01,-1.968103130182506377e-01,-3.366296406449711953e-02,1.151110507482301648e-02
-2.589018458696089819e+00,4.428768607504509625e-01,-1.520788462804172902e-01,-1.967950164311349504e-01,-3.374605096085232792e-02,1.152933443048274539e-02
-2.590986332361192801e+00,4.425389855722937638e-01,-1.519634619652040497e-01,-1.967797159527897577e-01,-3.382895408713482849e-02,1.154752159136069982e-02
-2.592954053002648696e+00,4.422002822794813270e-01,-1.518478959887736568e-01,-1.967644117253472547e-01,-3.391167398141395339e-02,1.156566669714096003e-02
-2.594921620583673150e+00,4.418607527016514824e-01,-1.517321487709811512e-01,-1.967491038898598610e-01,-3.399421117980436918e-02,1.158376988691631193e-02
-2.596889035068886020e+00,4.415203986630906741e-01,-1.516162207302935716e-01,-1.967337925863077985e-01,-3.407656621647439654e-02,1.160183129919120475e-02
-2.598856296424302492e+00,4.411792219827533335e-01,-1.515001122837958403e-01,-1.967184779536066963e-01,-3.415873962365433003e-02,1.161985107188469833e-02
-2.600823404617320644e+00,4.408372244742812529e-01,-1.513838238471966191e-01,-1.967031601296151122e-01,-3.424073193164469536e-02,1.163782934233338097e-02
-2.602790359616713012e+00,4.404944079460228479e-01,-1.512673558348340552e-01,-1.966878392511420826e-01,-3.432254366882446506e-02,1.165576624729428371e-02
-2.604757161392614595e+00,4.401507742010523083e-01,-1.511507086596816651e-01,-1.966725154539544496e-01,-3.440417536165926021e-02,1.167366192294776867e-02
-2.606723809916512202e+00,4.398063250371886945e-01,-1.510338827333540246e-01,-1.966571888727843276e-01,-3.448562753470948289e-02,1.169151650490040696e-02
-2.608690305161236012e+00,4.394610622470149219e-01,-1.509168784661124585e-01,-1.966418596413363196e-01,-3.456690071063844155e-02,1.170933012818784098e-02
-2.610656647100947136e+00,4.391149876178968015e-01,-1.507996962668708418e-01,-1.966265278922949000e-01,-3.464799541022039325e-02,1.172710292727762588e-02
-2.612622835711128744e+00,4.387681029320017467e-01,-1.506823365432011508e-01,-1.966111937573314927e-01,-3.472891215234861356e-02,1.174483503607205888e-02
-2.614588870968576284e+00,4.384204099663176479e-01,-1.505647997013391803e-01,-1.965958573671117426e-01,-3.480965145404335548e-02,1.176252658791098957e-02
-2.616554752851385945e+00,4.380719104926715235e-01,-1.504470861461901232e-01,-1.965805188513025381e-01,-3.489021383045982222e-02,1.178017771557462144e-02
-2.618520481338946215e+00,4.377226062777481164e-01,-1.503291962813341209e-01,-1.965651783385790607e-01,-3.497059979489608450e-02,1.179778855128628921e-02
-2.620486056411927223e+00,4.373724990831084347e-01,-1.502111305090319260e-01,-1.965498359566318631e-01,-3.505080985880096311e-02,1.181535922671522569e-02
-2.622451478052270968e+00,4.370215906652082372e-01,-1.500928892302302864e-01,-1.965344918321736967e-01,-3.513084453178186989e-02,1.183288987297931132e-02
-2.624416746243181553e+00,4.366698827754163514e-01,-1.499744728445675801e-01,-1.965191460909465060e-01,-3.521070432161261393e-02,1.185038062064781156e-02
-2.626381860969116300e+00,4.363173771600330486e-01,-1.498558817503791718e-01,-1.965037988577282291e-01,-3.529038973424117320e-02,1.186783159974409349e-02
-2.628346822215775536e+00,4.359640755603081952e-01,-1.497371163447029363e-01,-1.964884502563395419e-01,-3.536990127379743831e-02,1.188524293974833196e-02
-2.630311629970092380e+00,4.356099797124593498e-01,-1.496181770232846431e-01,-1.964731004096506861e-01,-3.544923944260089388e-02,1.190261476960020014e-02
-2.632276284220224305e+00,4.352550913476900263e-01,-1.494990641805833687e-01,-1.964577494395881030e-01,-3.552840474116827907e-02,1.191994721770154274e-02
-2.634240784955542924e+00,4.348994121922074574e-01,-1.493797782097768256e-01,-1.964423974671410944e-01,-3.560739766822122732e-02,1.193724041191903534e-02
-2.636205132166625997e+00,4.345429439672406358e-01,-1.492603195027667473e-01,-1.964270446123684011e-01,-3.568621872069385054e-02,1.195449447958682986e-02
-2.638169325845246327e+00,4.341856883890580776e-01,-1.491406884501841612e-01,-1.964116909944047806e-01,-3.576486839374028170e-02,1.197170954750918608e-02
-2.640133365984364211e+00,4.338276471689856972e-01,-1.490208854413947182e-01,-1.963963367314675024e-01,-3.584334718074220355e-02,1.198888574196308593e-02
-2.642097252578116784e+00,4.334688220134244041e-01,-1.489009108645038826e-01,-1.963809819408627033e-01,-3.592165557331631481e-02,1.200602318870083209e-02
-2.644060985621810467e+00,4.331092146238676999e-01,-1.487807651063622338e-01,-1.963656267389919385e-01,-3.599979406132180343e-02,1.202312201295263963e-02
-2.646024565111910754e+00,4.327488266969192754e-01,-1.486604485525706565e-01,-1.963502712413583984e-01,-3.607776313286773645e-02,1.204018233942920693e-02
-2.647987991046033773e+00,4.323876599243104413e-01,-1.485399615874855028e-01,-1.963349155625733200e-01,-3.615556327432044997e-02,1.205720429232426914e-02
-2.649951263422937409e+00,4.320257159929175028e-01,-1.484193045942237554e-01,-1.963195598163621769e-01,-3.623319497031086966e-02,1.207418799531714999e-02
-2.651914382242512414e+00,4.316629965847791905e-01,-1.482984779546681897e-01,-1.963042041155709239e-01,-3.631065870374184518e-02,1.209113357157528407e-02
-2.653877347505773532e+00,4.312995033771137021e-01,-1.481774820494724254e-01,-1.962888485721721588e-01,-3.638795495579540823e-02,1.210804114375673736e-02
-2.655840159214851059e+00,4.309352380423360773e-01,-1.480563172580660614e-01,-1.962734932972712565e-01,-3.646508420594000988e-02,1.212491083401270528e-02
-2.657802817372981519e+00,4.305702022480751845e-01,-1.479349839586596993e-01,-1.962581384011124197e-01,-3.654204693193773695e-02,1.214174276399000718e-02
-2.659765321984500552e+00,4.302043976571907069e-01,-1.478134825282499676e-01,-1.962427839930847573e-01,-3.661884360985146608e-02,1.215853705483355141e-02
-2.661727673054832266e+00,4.298378259277902957e-01,-1.476918133426245727e-01,-1.962274301817282518e-01,-3.669547471405201766e-02,1.217529382718880553e-02
-2.663689870590483011e+00,4.294704887132462234e-01,-1.475699767763672399e-01,-1.962120770747396714e-01,-3.677194071722524743e-02,1.219201320120423537e-02
-2.665651914599031169e+00,4.291023876622123145e-01,-1.474479732028627088e-01,-1.961967247789785374e-01,-3.684824209037913106e-02,1.220869529653374232e-02
-2.667613805089120049e+00,4.287335244186407102e-01,-1.473258029943015912e-01,-1.961813734004729526e-01,-3.692437930285077247e-02,1.222534023233908321e-02
-2.669575542070449004e+00,4.283639006217984657e-01,-1.472034665216853666e-01,-1.961660230444254305e-01,-3.700035282231343980e-02,1.224194812729227817e-02
-2.671537125553764991e+00,4.279935179062842043e-01,-1.470809641548312396e-01,-1.961506738152186125e-01,-3.707616311478351828e-02,1.225851909957799933e-02
-2.673498555550855027e+00,4.276223779020446591e-01,-1.469582962623769695e-01,-1.961353258164210689e-01,-3.715181064462745597e-02,1.227505326689595604e-02
-2.675459832074537303e+00,4.272504822343911046e-01,-1.468354632117857550e-01,-1.961199791507929890e-01,-3.722729587456865413e-02,1.229155074646326104e-02
-2.677420955138654524e+00,4.268778325240157878e-01,-1.467124653693510083e-01,-1.961046339202917876e-01,-3.730261926569436448e-02,1.230801165501678104e-02
-2.679381924758064137e+00,4.265044303870081932e-01,-1.465893031002011848e-01,-1.960892902260777115e-01,-3.737778127746251011e-02,1.232443610881548204e-02
-2.681342740948631675e+00,4.261302774348713629e-01,-1.464659767683045288e-01,-1.960739481685194463e-01,-3.745278236770850644e-02,1.234082422364275559e-02
-2.683303403727222314e+00,4.257553752745381059e-01,-1.463424867364737925e-01,-1.960586078471996396e-01,-3.752762299265201967e-02,1.235717611480873467e-02
-2.685263913111692879e+00,4.253797255083870410e-01,-1.462188333663710094e-01,-1.960432693609203414e-01,-3.760230360690374612e-02,1.237349189715259562e-02
-2.687224269120884301e+00,4.250033297342587502e-01,-1.460950170185121577e-01,-1.960279328077084993e-01,-3.767682466347208048e-02,1.238977168504484978e-02
-2.689184471774614504e+00,4.246261895454716551e-01,-1.459710380522718509e-01,-1.960125982848213433e-01,-3.775118661376983958e-02,1.240601559238961767e-02
-2.691144521093669972e+00,4.242483065308380041e-01,-1.458468968258879728e-01,-1.959972658887517427e-01,-3.782538990762088216e-02,1.242222373262689972e-02
-2.693104417099798198e+00,4.238696822746797488e-01,-1.457225936964663404e-01,-1.959819357152335628e-01,-3.789943499326674931e-02,1.243839621873482279e-02
-2.695064159815700133e+00,4.234903183568442531e-01,-1.455981290199852562e-01,-1.959666078592469662e-01,-3.797332231737324260e-02,1.245453316323188488e-02
-2.697023749265022641e+00,4.231102163527201698e-01,-1.454735031513001431e-01,-1.959512824150235755e-01,-3.804705232503696744e-02,1.247063467817917728e-02
-2.698983185472351387e+00,4.227293778332529839e-01,-1.453487164441480961e-01,-1.959359594760518020e-01,-3.812062545979189726e-02,1.248670087518260856e-02
-2.700942468463203738e+00,4.223478043649605551e-01,-1.452237692511524070e-01,-1.959206391350819532e-01,-3.819404216361583365e-02,1.250273186539510063e-02
-2.702901598264019878e+00,4.219654975099487726e-01,-1.450986619238270880e-01,-1.959053214841313950e-01,-3.826730287693688032e-02,1.251872775951878500e-02
-2.704860574902157477e+00,4.215824588259269867e-01,-1.449733948125813965e-01,-1.958900066144896035e-01,-3.834040803863989627e-02,1.253468866780717804e-02
-2.706819398405882815e+00,4.211986898662233303e-01,-1.448479682667243029e-01,-1.958746946167233549e-01,-3.841335808607287960e-02,1.255061470006735118e-02
-2.708778068804364558e+00,4.208141921798001506e-01,-1.447223826344688768e-01,-1.958593855806815831e-01,-3.848615345505335822e-02,1.256650596566208887e-02
-2.710736586127666214e+00,4.204289673112692194e-01,-1.445966382629368108e-01,-1.958440795955005143e-01,-3.855879457987472503e-02,1.258236257351202925e-02
-2.712694950406739025e+00,4.200430168009070542e-01,-1.444707354981627778e-01,-1.958287767496085519e-01,-3.863128189331255236e-02,1.259818463209779610e-02
-2.714653161673415305e+00,4.196563421846698505e-01,-1.443446746850988449e-01,-1.958134771307312172e-01,-3.870361582663088551e-02,1.261397224946212044e-02
-2.716611219960400447e+00,4.192689449942087476e-01,-1.442184561676188581e-01,-1.957981808258960066e-01,-3.877579680958850167e-02,1.262972553321194992e-02
-2.718569125301267597e+00,4.188808267568848720e-01,-1.440920802885226892e-01,-1.957828879214372764e-01,-3.884782527044512712e-02,1.264544459052054613e-02
-2.720526877730449211e+00,4.184919889957841033e-01,-1.439655473895407045e-01,-1.957675985030010446e-01,-3.891970163596764759e-02,1.266112952812957146e-02
-2.722484477283230841e+00,4.181024332297321733e-01,-1.438388578113379834e-01,-1.957523126555497373e-01,-3.899142633143626996e-02,1.267678045235116208e-02
-2.724441923995744474e+00,4.177121609733093766e-01,-1.437120118935186208e-01,-1.957370304633670177e-01,-3.906299978065066320e-02,1.269239746906999054e-02
-2.726399217904961425e+00,4.173211737368653917e-01,-1.435850099746300013e-01,-1.957217520100623942e-01,-3.913442240593607152e-02,1.270798068374532318e-02
-2.728356359048685231e+00,4.169294730265340476e-01,-1.434578523921670179e-01,-1.957064773785759659e-01,-3.920569462814939982e-02,1.272353020141305663e-02
-2.730313347465546325e+00,4.165370603442478115e-01,-1.433305394825763190e-01,-1.956912066511830584e-01,-3.927681686668527128e-02,1.273904612668774576e-02
-2.732270183194994484e+00,4.161439371877526106e-01,-1.432030715812605270e-01,-1.956759399094988028e-01,-3.934778953948205038e-02,1.275452856376462982e-02
-2.734226866277291723e+00,4.157501050506221540e-01,-1.430754490225823738e-01,-1.956606772344827438e-01,-3.941861306302783113e-02,1.276997761642163255e-02
-2.736183396753507413e+00,4.153555654222725324e-01,-1.429476721398688921e-01,-1.956454187064433636e-01,-3.948928785236643924e-02,1.278539338802136584e-02
-2.738139774665509840e+00,4.149603197879765948e-01,-1.428197412654155785e-01,-1.956301644050426058e-01,-3.955981432110334400e-02,1.280077598151311072e-02
-2.740096000055960879e+00,4.145643696288783264e-01,-1.426916567304904737e-01,-1.956149144093003722e-01,-3.963019288141158419e-02,1.281612549943479500e-02
-2.742052072968309329e+00,4.141677164220071150e-01,-1.425634188653382983e-01,-1.955996687975989079e-01,-3.970042394403765912e-02,1.283144204391495867e-02
-2.744007993446785587e+00,4.137703616402919060e-01,-1.424350279991845325e-01,-1.955844276476873256e-01,-3.977050791830739201e-02,1.284672571667470724e-02
-2.745963761536393211e+00,4.133723067525755801e-01,-1.423064844602394408e-01,-1.955691910366858521e-01,-3.984044521213175177e-02,1.286197661902965632e-02
-2.747919377282904030e+00,4.129735532236288864e-01,-1.421777885757021798e-01,-1.955539590410902973e-01,-3.991023623201266773e-02,1.287719485189185893e-02
-2.749874840732852377e+00,4.125741025141645979e-01,-1.420489406717648229e-01,-1.955387317367763000e-01,-3.997988138304880978e-02,1.289238051577173798e-02
-2.751830151933527979e+00,4.121739560808515002e-01,-1.419199410736162736e-01,-1.955235091990036589e-01,-4.004938106894133376e-02,1.290753371077998750e-02
-2.753785310932969743e+00,4.117731153763283247e-01,-1.417907901054463737e-01,-1.955082915024206058e-01,-4.011873569199961992e-02,1.292265453662948434e-02
-2.755740317779960424e+00,4.113715818492176823e-01,-1.416614880904497886e-01,-1.954930787210679977e-01,-4.018794565314694894e-02,1.293774309263717379e-02
-2.757695172524019966e+00,4.109693569441397742e-01,-1.415320353508299767e-01,-1.954778709283835347e-01,-4.025701135192620572e-02,1.295279947772595003e-02
-2.759649875215399728e+00,4.105664421017263255e-01,-1.414024322078031581e-01,-1.954626681972058966e-01,-4.032593318650549291e-02,1.296782379042652963e-02
-2.761604425905076710e+00,4.101628387586341851e-01,-1.412726789816022011e-01,-1.954474705997789608e-01,-4.039471155368377919e-02,1.298281612887931466e-02
-2.763558824644746892e+00,4.097585483475590373e-01,-1.411427759914805069e-01,-1.954322782077558274e-01,-4.046334684889647121e-02,1.299777659083624012e-02
-2.765513071486820351e+00,4.093535722972490576e-01,-1.410127235557158687e-01,-1.954170910922029547e-01,-4.053183946622099243e-02,1.301270527366261628e-02
-2.767467166484414598e+00,4.089479120325183459e-01,-1.408825219916143845e-01,-1.954019093236041837e-01,-4.060018979838232733e-02,1.302760227433895704e-02
-2.769421109691348803e+00,4.085415689742605272e-01,-1.407521716155142322e-01,-1.953867329718647905e-01,-4.066839823675853088e-02,1.304246768946280659e-02
-2.771374901162139359e+00,4.081345445394621296e-01,-1.406216727427895274e-01,-1.953715621063154551e-01,-4.073646517138623108e-02,1.305730161525054701e-02
-2.773328540951991883e+00,4.077268401412160737e-01,-1.404910256878541541e-01,-1.953563967957162029e-01,-4.080439099096607597e-02,1.307210414753920240e-02
-2.775282029116797666e+00,4.073184571887348837e-01,-1.403602307641654834e-01,-1.953412371082604293e-01,-4.087217608286818765e-02,1.308687538178822558e-02
-2.777235365713126569e+00,4.069093970873639554e-01,-1.402292882842281763e-01,-1.953260831115787299e-01,-4.093982083313757458e-02,1.310161541308128841e-02
-2.779188550798222135e+00,4.064996612385949337e-01,-1.400981985595979584e-01,-1.953109348727428141e-01,-4.100732562649952312e-02,1.311632433612804766e-02
-2.781141584429995817e+00,4.060892510400787581e-01,-1.399669619008852561e-01,-1.952957924582693627e-01,-4.107469084636496126e-02,1.313100224526591100e-02
-2.783094466667021649e+00,4.056781678856387630e-01,-1.398355786177590543e-01,-1.952806559341238313e-01,-4.114191687483579468e-02,1.314564923446179430e-02
-2.785047197568530475e+00,4.052664131652838342e-01,-1.397040490189504491e-01,-1.952655253657242795e-01,-4.120900409271022191e-02,1.316026539731385801e-02
-2.786999777194404615e+00,4.048539882652213429e-01,-1.395723734122564230e-01,-1.952504008179451467e-01,-4.127595287948804259e-02,1.317485082705325064e-02
-2.788952205605172541e+00,4.044408945678701905e-01,-1.394405521045434804e-01,-1.952352823551209704e-01,-4.134276361337589634e-02,1.318940561654582781e-02
-2.790904482862003100e+00,4.040271334518735769e-01,-1.393085854017512837e-01,-1.952201700410501339e-01,-4.140943667129252242e-02,1.320392985829387314e-02
-2.792856609026700632e+00,4.036127062921119335e-01,-1.391764736088962340e-01,-1.952050639389985576e-01,-4.147597242887398478e-02,1.321842364443780518e-02
-2.794808584161699194e+00,4.031976144597158029e-01,-1.390442170300752178e-01,-1.951899641117033346e-01,-4.154237126047884143e-02,1.323288706675787400e-02
-2.796760408330058123e+00,4.027818593220784393e-01,-1.389118159684690490e-01,-1.951748706213764228e-01,-4.160863353919334179e-02,1.324732021667584907e-02
-2.798712081595455814e+00,4.023654422428686317e-01,-1.387792707263461045e-01,-1.951597835297082528e-01,-4.167475963683655443e-02,1.326172318525670538e-02
-2.800663604022185282e+00,4.019483645820432494e-01,-1.386465816050659328e-01,-1.951447028978712805e-01,-4.174074992396550193e-02,1.327609606321028708e-02
-2.802614975675148390e+00,4.015306276958598430e-01,-1.385137489050827508e-01,-1.951296287865235679e-01,-4.180660476988024704e-02,1.329043894089297281e-02
-2.804566196619851404e+00,4.011122329368893569e-01,-1.383807729259489139e-01,-1.951145612558123632e-01,-4.187232454262897197e-02,1.330475190830933234e-02
-2.806517266922399223e+00,4.006931816540283409e-01,-1.382476539663185511e-01,-1.950995003653775706e-01,-4.193790960901304377e-02,1.331903505511376762e-02
-2.808468186649490494e+00,4.002734751925116075e-01,-1.381143923239509519e-01,-1.950844461743552749e-01,-4.200336033459202423e-02,1.333328847061214691e-02
-2.810418955868413171e+00,3.998531148939246105e-01,-1.379809882957140910e-01,-1.950693987413811836e-01,-4.206867708368868669e-02,1.334751224376343713e-02
-2.812369574647038739e+00,3.994321020962156576e-01,-1.378474421775880698e-01,-1.950543581245940961e-01,-4.213386021939400511e-02,1.336170646318131719e-02
-2.814320043053817777e+00,3.990104381337083450e-01,-1.377137542646686141e-01,-1.950393243816392619e-01,-4.219891010357209454e-02,1.337587121713578950e-02
-2.816270361157774627e+00,3.985881243371136584e-01,-1.375799248511704320e-01,-1.950242975696718506e-01,-4.226382709686515859e-02,1.339000659355478288e-02
-2.818220529028503396e+00,3.981651620335424080e-01,-1.374459542304306281e-01,-1.950092777453602821e-01,-4.232861155869840908e-02,1.340411268002574333e-02
-2.820170546736161299e+00,3.977415525465170520e-01,-1.373118426949122006e-01,-1.949942649648895576e-01,-4.239326384728495795e-02,1.341818956379721949e-02
-2.822120414351465989e+00,3.973172971959840205e-01,-1.371775905362072612e-01,-1.949792592839646455e-01,-4.245778431963067451e-02,1.343223733178043958e-02
-2.824070131945689788e+00,3.968923972983257054e-01,-1.370431980450405873e-01,-1.949642607578137288e-01,-4.252217333153904266e-02,1.344625607055087262e-02
-2.826019699590654355e+00,3.964668541663725065e-01,-1.369086655112727868e-01,-1.949492694411915084e-01,-4.258643123761598343e-02,1.346024586634979835e-02
-2.827969117358726692e+00,3.960406691094146558e-01,-1.367739932239037670e-01,-1.949342853883823945e-01,-4.265055839127465664e-02,1.347420680508584594e-02
-2.829918385322814256e+00,3.956138434332142073e-01,-1.366391814710759822e-01,-1.949193086532038377e-01,-4.271455514474024190e-02,1.348813897233654829e-02
-2.831867503556360521e+00,3.951863784400168611e-01,-1.365042305400777922e-01,-1.949043392890094650e-01,-4.277842184905470552e-02,1.350204245334986862e-02
-2.833816472133340536e+00,3.947582754285638984e-01,-1.363691407173466819e-01,-1.948893773486922998e-01,-4.284215885408151903e-02,1.351591733304572870e-02
-2.835765291128255594e+00,3.943295356941037277e-01,-1.362339122884725917e-01,-1.948744228846878979e-01,-4.290576650851039842e-02,1.352976369601753028e-02
-2.837713960616128794e+00,3.939001605284037644e-01,-1.360985455382011378e-01,-1.948594759489775396e-01,-4.296924515986197401e-02,1.354358162653366074e-02
-2.839662480672501488e+00,3.934701512197620321e-01,-1.359630407504369143e-01,-1.948445365930912831e-01,-4.303259515449248812e-02,1.355737120853899892e-02
-2.841610851373427060e+00,3.930395090530188207e-01,-1.358273982082466302e-01,-1.948296048681111003e-01,-4.309581683759841630e-02,1.357113252565641040e-02
-2.843559072795468712e+00,3.926082353095681765e-01,-1.356916181938623844e-01,-1.948146808246739581e-01,-4.315891055322113035e-02,1.358486566118822722e-02
-2.845507145015693240e+00,3.921763312673695601e-01,-1.355557009886848296e-01,-1.947997645129748712e-01,-4.322187664425147791e-02,1.359857069811773629e-02
-2.847455068111666598e+00,3.917437982009591702e-01,-1.354196468732864200e-01,-1.947848559827699277e-01,-4.328471545243438995e-02,1.361224771911064176e-02
-2.849402842161451233e+00,3.913106373814615457e-01,-1.352834561274145198e-01,-1.947699552833792869e-01,-4.334742731837343266e-02,1.362589680651653257e-02
-2.851350467243599862e+00,3.908768500766008347e-01,-1.351471290299945394e-01,-1.947550624636901762e-01,-4.341001258153537323e-02,1.363951804237033966e-02
-2.853297943437152373e+00,3.904424375507121736e-01,-1.350106658591331554e-01,-1.947401775721599171e-01,-4.347247158025468322e-02,1.365311150839377749e-02
-2.855245270821630488e+00,3.900074010647530121e-01,-1.348740668921213637e-01,-1.947253006568188394e-01,-4.353480465173806269e-02,1.366667728599678909e-02
-2.857192449477034657e+00,3.895717418763143813e-01,-1.347373324054375876e-01,-1.947104317652731398e-01,-4.359701213206890191e-02,1.368021545627897892e-02
-2.859139479483839175e+00,3.891354612396320523e-01,-1.346004626747508426e-01,-1.946955709447079075e-01,-4.365909435621176393e-02,1.369372610003103362e-02
-2.861086360922988181e+00,3.886985604055977483e-01,-1.344634579749237613e-01,-1.946807182418899551e-01,-4.372105165801682541e-02,1.370720929773614448e-02
-2.863033093875890778e+00,3.882610406217701926e-01,-1.343263185800156467e-01,-1.946658737031706776e-01,-4.378288437022429674e-02,1.372066512957141604e-02
-2.864979678424418363e+00,3.878229031323863207e-01,-1.341890447632856087e-01,-1.946510373744889388e-01,-4.384459282446881434e-02,1.373409367540926428e-02
-2.866926114650899304e+00,3.873841491783721058e-01,-1.340516367971955058e-01,-1.946362093013738470e-01,-4.390617735128384685e-02,1.374749501481881998e-02
-2.868872402638114938e+00,3.869447799973537716e-01,-1.339140949534130542e-01,-1.946213895289476414e-01,-4.396763828010603892e-02,1.376086922706731136e-02
-2.870818542469296464e+00,3.865047968236686171e-01,-1.337764195028147696e-01,-1.946065781019284124e-01,-4.402897593927956182e-02,1.377421639112144658e-02
-2.872764534228119615e+00,3.860642008883759524e-01,-1.336386107154890202e-01,-1.945917750646329325e-01,-4.409019065606043647e-02,1.378753658564878595e-02
-2.874710377998701549e+00,3.856229934192679787e-01,-1.335006688607389413e-01,-1.945769804609793485e-01,-4.415128275662084240e-02,1.380082988901910890e-02
-2.876656073865596408e+00,3.851811756408805021e-01,-1.333625942070855164e-01,-1.945621943344899296e-01,-4.421225256605339216e-02,1.381409637930577569e-02
-2.878601621913792208e+00,3.847387487745038137e-01,-1.332243870222704629e-01,-1.945474167282938149e-01,-4.427310040837540567e-02,1.382733613428707535e-02
-2.880547022228705956e+00,3.842957140381934034e-01,-1.330860475732591475e-01,-1.945326476851297060e-01,-4.433382660653314988e-02,1.384054923144757351e-02
-2.882492274896179651e+00,3.838520726467806177e-01,-1.329475761262435829e-01,-1.945178872473484755e-01,-4.439443148240607151e-02,1.385373574797944991e-02
-2.884437380002477624e+00,3.834078258118833737e-01,-1.328089729466452873e-01,-1.945031354569159432e-01,-4.445491535681100198e-02,1.386689576078383064e-02
-2.886382337634281203e+00,3.829629747419166508e-01,-1.326702382991182538e-01,-1.944883923554154015e-01,-4.451527854950633467e-02,1.388002934647210827e-02
-2.888327147878686496e+00,3.825175206421031482e-01,-1.325313724475517818e-01,-1.944736579840502799e-01,-4.457552137919621599e-02,1.389313658136726373e-02
-2.890271810823199061e+00,3.820714647144837772e-01,-1.323923756550733910e-01,-1.944589323836467820e-01,-4.463564416353468095e-02,1.390621754150517253e-02
-2.892216326555730799e+00,3.816248081579281526e-01,-1.322532481840516527e-01,-1.944442155946564388e-01,-4.469564721912978184e-02,1.391927230263591275e-02
-2.894160695164596842e+00,3.811775521681449730e-01,-1.321139902960991042e-01,-1.944295076571586622e-01,-4.475553086154772375e-02,1.393230094022505916e-02
-2.896104916738511115e+00,3.807296979376925683e-01,-1.319746022520749962e-01,-1.944148086108633267e-01,-4.481529540531692390e-02,1.394530352945497209e-02
-2.898048991366582783e+00,3.802812466559890581e-01,-1.318350843120881799e-01,-1.944001184951132666e-01,-4.487494116393212634e-02,1.395828014522608289e-02
-2.899992919138312253e+00,3.798321995093227876e-01,-1.316954367354999100e-01,-1.943854373488868581e-01,-4.493446844985843347e-02,1.397123086215816892e-02
-2.901936700143588066e+00,3.793825576808625977e-01,-1.315556597809266481e-01,-1.943707652108004336e-01,-4.499387757453535835e-02,1.398415575459162688e-02
-2.903880334472682900e+00,3.789323223506680383e-01,-1.314157537062428383e-01,-1.943561021191108074e-01,-4.505316884838082847e-02,1.399705489658873044e-02
-2.905823822216250907e+00,3.784814946956995829e-01,-1.312757187685836824e-01,-1.943414481117177461e-01,-4.511234258079521720e-02,1.400992836193489313e-02
-2.907767163465323268e+00,3.780300758898287872e-01,-1.311355552243479161e-01,-1.943268032261664113e-01,-4.517139908016529898e-02,1.402277622413991565e-02
-2.909710358311304201e+00,3.775780671038483360e-01,-1.309952633292005286e-01,-1.943121674996497461e-01,-4.523033865386824615e-02,1.403559855643922959e-02
-2.911653406845969183e+00,3.771254695054822581e-01,-1.308548433380755660e-01,-1.942975409690109456e-01,-4.528916160827555631e-02,1.404839543179513435e-02
-2.913596309161459175e+00,3.766722842593958065e-01,-1.307142955051787681e-01,-1.942829236707458163e-01,-4.534786824875698674e-02,1.406116692289803051e-02
-2.915539065350279291e+00,3.762185125272055064e-01,-1.305736200839903438e-01,-1.942683156410051903e-01,-4.540645887968448174e-02,1.407391310216764280e-02
-2.917481675505293914e+00,3.757641554674892026e-01,-1.304328173272676639e-01,-1.942537169155972854e-01,-4.546493380443605153e-02,1.408663404175423961e-02
-2.919424139719724032e+00,3.753092142357959404e-01,-1.302918874870478971e-01,-1.942391275299900077e-01,-4.552329332539966494e-02,1.409932981353984212e-02
-2.921366458087143680e+00,3.748536899846557358e-01,-1.301508308146507864e-01,-1.942245475193133120e-01,-4.558153774397710745e-02,1.411200048913943336e-02
-2.923308630701476396e+00,3.743975838635895115e-01,-1.300096475606812019e-01,-1.942099769183615321e-01,-4.563966736058781837e-02,1.412464613990215695e-02
-2.925250657656991660e+00,3.739408970191189230e-01,-1.298683379750318889e-01,-1.941954157615956578e-01,-4.569768247467273503e-02,1.413726683691251054e-02
-2.927192539048302677e+00,3.734836305947761281e-01,-1.297269023068860216e-01,-1.941808640831456656e-01,-4.575558338469807446e-02,1.414986265099153068e-02
-2.929134274970361496e+00,3.730257857311133907e-01,-1.295853408047199229e-01,-1.941663219168127119e-01,-4.581337038815915669e-02,1.416243365269797758e-02
-2.931075865518457224e+00,3.725673635657129057e-01,-1.294436537163056178e-01,-1.941517892960714364e-01,-4.587104378158415874e-02,1.417497991232950609e-02
-2.933017310788212040e+00,3.721083652331964586e-01,-1.293018412887134427e-01,-1.941372662540721827e-01,-4.592860386053788241e-02,1.418750149992384010e-02
-2.934958610875577190e+00,3.716487918652349176e-01,-1.291599037683146545e-01,-1.941227528236432465e-01,-4.598605091962550129e-02,1.419999848525992960e-02
-2.936899765876831658e+00,3.711886445905578924e-01,-1.290178414007840113e-01,-1.941082490372930680e-01,-4.604338525249627306e-02,1.421247093785911117e-02
-2.938840775888577284e+00,3.707279245349632824e-01,-1.288756544311023544e-01,-1.940937549272123974e-01,-4.610060715184726571e-02,1.422491892698625991e-02
-2.940781641007736535e+00,3.702666328213267133e-01,-1.287333431035591336e-01,-1.940792705252764871e-01,-4.615771690942702815e-02,1.423734252165093084e-02
-2.942722361331548520e+00,3.698047705696111409e-01,-1.285909076617549884e-01,-1.940647958630472847e-01,-4.621471481603928178e-02,1.424974179060850034e-02
-2.944662936957567201e+00,3.693423388968761212e-01,-1.284483483486042743e-01,-1.940503309717755420e-01,-4.627160116154657721e-02,1.426211680236130069e-02
-2.946603367983656963e+00,3.688793389172873027e-01,-1.283056654063375879e-01,-1.940358758824029806e-01,-4.632837623487393724e-02,1.427446762515974417e-02
-2.948543654507990386e+00,3.684157717421258083e-01,-1.281628590765042375e-01,-1.940214306255644006e-01,-4.638504032401247895e-02,1.428679432700345059e-02
-2.950483796629044697e+00,3.679516384797973938e-01,-1.280199295999748244e-01,-1.940069952315897628e-01,-4.644159371602302189e-02,1.429909697564235582e-02
-2.952423794445598659e+00,3.674869402358418857e-01,-1.278768772169436851e-01,-1.939925697305062702e-01,-4.649803669703969633e-02,1.431137563857782895e-02
-2.954363648056730351e+00,3.670216781129423955e-01,-1.277337021669313899e-01,-1.939781541520405050e-01,-4.655436955227351681e-02,1.432363038306377553e-02
-2.956303357561813172e+00,3.665558532109345902e-01,-1.275904046887871846e-01,-1.939637485256204275e-01,-4.661059256601592787e-02,1.433586127610773052e-02
-2.958242923060513618e+00,3.660894666268156850e-01,-1.274469850206914612e-01,-1.939493528803774847e-01,-4.666670602164237763e-02,1.434806838447196149e-02
-2.960182344652787734e+00,3.656225194547537694e-01,-1.273034434001582282e-01,-1.939349672451485540e-01,-4.672271020161582883e-02,1.436025177467454943e-02
-2.962121622438878443e+00,3.651550127860969108e-01,-1.271597800640375531e-01,-1.939205916484780801e-01,-4.677860538749027686e-02,1.437241151299047288e-02
-2.964060756519313333e+00,3.646869477093820366e-01,-1.270159952485178934e-01,-1.939062261186199621e-01,-4.683439185991426779e-02,1.438454766545268528e-02
-2.965999746994900210e+00,3.642183253103442042e-01,-1.268720891891286506e-01,-1.938918706835396355e-01,-4.689006989863435393e-02,1.439666029785318518e-02
-2.967938593966725769e+00,3.637491466719254274e-01,-1.267280621207424740e-01,-1.938775253709160151e-01,-4.694563978249858410e-02,1.440874947574408496e-02
-2.969877297536151595e+00,3.632794128742837803e-01,-1.265839142775777026e-01,-1.938631902081434655e-01,-4.700110178945994532e-02,1.442081526443866717e-02
-2.971815857804811944e+00,3.628091249948022234e-01,-1.264396458932007250e-01,-1.938488652223337161e-01,-4.705645619657981144e-02,1.443285772901244275e-02
-2.973754274874611081e+00,3.623382841080975969e-01,-1.262952572005283658e-01,-1.938345504403178876e-01,-4.711170328003135704e-02,1.444487693430419883e-02
-2.975692548847719721e+00,3.618668912860293907e-01,-1.261507484318302175e-01,-1.938202458886483515e-01,-4.716684331510296452e-02,1.445687294491704300e-02
-2.977630679826572813e+00,3.613949475977086268e-01,-1.260061198187310272e-01,-1.938059515936006172e-01,-4.722187657620162404e-02,1.446884582521944414e-02
-2.979568667913866875e+00,3.609224541095066852e-01,-1.258613715922130560e-01,-1.937916675811753309e-01,-4.727680333685630593e-02,1.448079563934626286e-02
-2.981506513212557330e+00,3.604494118850640194e-01,-1.257165039826183273e-01,-1.937773938771000515e-01,-4.733162386972132596e-02,1.449272245119978542e-02
-2.983444215825854950e+00,3.599758219852988161e-01,-1.255715172196510410e-01,-1.937631305068312215e-01,-4.738633844657968996e-02,1.450462632445074021e-02
-2.985381775857224085e+00,3.595016854684159324e-01,-1.254264115323798223e-01,-1.937488774955559712e-01,-4.744094733834643141e-02,1.451650732253932305e-02
-2.987319193410379103e+00,3.590270033899152780e-01,-1.252811871492400531e-01,-1.937346348681939778e-01,-4.749545081507192124e-02,1.452836550867620327e-02
-2.989256468589283067e+00,3.585517768026005858e-01,-1.251358442980361474e-01,-1.937204026493993259e-01,-4.754984914594518469e-02,1.454020094584353509e-02
-2.991193601498143728e+00,3.580760067565880167e-01,-1.249903832059438558e-01,-1.937061808635622551e-01,-4.760414259929718339e-02,1.455201369679596027e-02
-2.993130592241411314e+00,3.575996942993147076e-01,-1.248448040995124853e-01,-1.936919695348111037e-01,-4.765833144260407661e-02,1.456380382406160558e-02
-2.995067440923776303e+00,3.571228404755472652e-01,-1.246991072046672033e-01,-1.936777686870140014e-01,-4.771241594249051032e-02,1.457557138994307507e-02
-2.997004147650166761e+00,3.566454463273902586e-01,-1.245532927467112722e-01,-1.936635783437806735e-01,-4.776639636473283684e-02,1.458731645651843711e-02
-2.998940712525745234e+00,3.561675128942948243e-01,-1.244073609503282968e-01,-1.936493985284642450e-01,-4.782027297426236223e-02,1.459903908564220802e-02
-3.000877135655906081e+00,3.556890412130669366e-01,-1.242613120395844595e-01,-1.936352292641630168e-01,-4.787404603516855900e-02,1.461073933894632866e-02
-3.002813417146274588e+00,3.552100323178759012e-01,-1.241151462379307124e-01,-1.936210705737221593e-01,-4.792771581070226494e-02,1.462241727784113939e-02
-3.004749557102702084e+00,3.547304872402626263e-01,-1.239688637682050121e-01,-1.936069224797355159e-01,-4.798128256327886809e-02,1.463407296351634454e-02
-3.006685555631265050e+00,3.542504070091481161e-01,-1.238224648526345256e-01,-1.935927850045472687e-01,-4.803474655448150554e-02,1.464570645694197697e-02
-3.008621412838262454e+00,3.537697926508416302e-01,-1.236759497128378099e-01,-1.935786581702537146e-01,-4.808810804506419984e-02,1.465731781886935731e-02
-3.010557128830212648e+00,3.532886451890490109e-01,-1.235293185698269902e-01,-1.935645419987049309e-01,-4.814136729495500922e-02,1.466890710983204636e-02
-3.012492703713851139e+00,3.528069656448810099e-01,-1.233825716440099668e-01,-1.935504365115064962e-01,-4.819452456325917789e-02,1.468047439014679226e-02
-3.014428137596128376e+00,3.523247550368613923e-01,-1.232357091551925243e-01,-1.935363417300211275e-01,-4.824758010826223770e-02,1.469201971991447413e-02
-3.016363430584207528e+00,3.518420143809350975e-01,-1.230887313225805246e-01,-1.935222576753704293e-01,-4.830053418743312371e-02,1.470354315902104581e-02
-3.018298582785461370e+00,3.513587446904765099e-01,-1.229416383647820438e-01,-1.935081843684364478e-01,-4.835338705742726201e-02,1.471504476713846217e-02
-3.020233594307470515e+00,3.508749469762975082e-01,-1.227944304998094954e-01,-1.934941218298634469e-01,-4.840613897408965055e-02,1.472652460372561763e-02
-3.022168465258021186e+00,3.503906222466555698e-01,-1.226471079450817819e-01,-1.934800700800594353e-01,-4.845879019245793312e-02,1.473798272802926204e-02
-3.024103195745101669e+00,3.499057715072617647e-01,-1.224996709174263759e-01,-1.934660291391978315e-01,-4.851134096676543161e-02,1.474941919908492709e-02
-3.026037785876901420e+00,3.494203957612889155e-01,-1.223521196330814576e-01,-1.934519990272191015e-01,-4.856379155044419915e-02,1.476083407571784044e-02
-3.027972235761807962e+00,3.489344960093794246e-01,-1.222044543076980100e-01,-1.934379797638323684e-01,-4.861614219612804544e-02,1.477222741654383824e-02
-3.029906545508405102e+00,3.484480732496534339e-01,-1.220566751563418872e-01,-1.934239713685169115e-01,-4.866839315565554824e-02,1.478359927997026715e-02
-3.031840715225469385e+00,3.479611284777165969e-01,-1.219087823934959097e-01,-1.934099738605239149e-01,-4.872054468007305100e-02,1.479494972419688990e-02
-3.033774745021970087e+00,3.474736626866680722e-01,-1.217607762330619459e-01,-1.933959872588778550e-01,-4.877259701963763960e-02,1.480627880721678211e-02
-3.035708635007064338e+00,3.469856768671083502e-01,-1.216126568883629522e-01,-1.933820115823782215e-01,-4.882455042382013305e-02,1.481758658681722740e-02
-3.037642385290096669e+00,3.464971720071471917e-01,-1.214644245721450411e-01,-1.933680468496009885e-01,-4.887640514130802555e-02,1.482887312058060215e-02
-3.039575995980596357e+00,3.460081490924113434e-01,-1.213160794965795208e-01,-1.933540930789001688e-01,-4.892816142000845636e-02,1.484013846588526017e-02
-3.041509467188275195e+00,3.455186091060524212e-01,-1.211676218732649218e-01,-1.933401502884093404e-01,-4.897981950705111720e-02,1.485138267990641393e-02
-3.043442799023024836e+00,3.450285530287545699e-01,-1.210190519132290643e-01,-1.933262184960432006e-01,-4.903137964879119431e-02,1.486260581961701237e-02
-3.045375991594915455e+00,3.445379818387422355e-01,-1.208703698269310151e-01,-1.933122977194990100e-01,-4.908284209081226895e-02,1.487380794178860474e-02
-3.047309045014192641e+00,3.440468965117878808e-01,-1.207215758242631554e-01,-1.932983879762581458e-01,-4.913420707792921782e-02,1.488498910299221496e-02
-3.049241959391276069e+00,3.435552980212197016e-01,-1.205726701145531377e-01,-1.932844892835876016e-01,-4.918547485419109272e-02,1.489614935959920027e-02
-3.051174734836756830e+00,3.430631873379291763e-01,-1.204236529065658978e-01,-1.932706016585414577e-01,-4.923664566288398631e-02,1.490728876778210643e-02
-3.053107371461395214e+00,3.425705654303787262e-01,-1.202745244085056397e-01,-1.932567251179622969e-01,-4.928771974653390481e-02,1.491840738351552821e-02
-3.055039869376119821e+00,3.420774332646093208e-01,-1.201252848280178059e-01,-1.932428596784827590e-01,-4.933869734690960601e-02,1.492950526257695240e-02
-3.056972228692023563e+00,3.415837918042479715e-01,-1.199759343721910482e-01,-1.932290053565269283e-01,-4.938957870502543035e-02,1.494058246054760786e-02
-3.058904449520362778e+00,3.410896420105153370e-01,-1.198264732475591843e-01,-1.932151621683117770e-01,-4.944036406114412502e-02,1.495163903281330510e-02
-3.060836531972555452e+00,3.405949848422332171e-01,-1.196769016601031410e-01,-1.932013301298486363e-01,-4.949105365477966118e-02,1.496267503456527245e-02
-3.062768476160178110e+00,3.400998212558319911e-01,-1.195272198152529108e-01,-1.931875092569445562e-01,-4.954164772470002337e-02,1.497369052080098871e-02
-3.064700282194964931e+00,3.396041522053580564e-01,-1.193774279178894671e-01,-1.931736995652038047e-01,-4.959214650892999204e-02,1.498468554632501233e-02
-3.066631950188804190e+00,3.391079786424813225e-01,-1.192275261723467067e-01,-1.931599010700291996e-01,-4.964255024475391909e-02,1.499566016574980891e-02
-3.068563480253737819e+00,3.386113015165024276e-01,-1.190775147824133656e-01,-1.931461137866235245e-01,-4.969285916871850339e-02,1.500661443349656649e-02
-3.070494872501959183e+00,3.381141217743603433e-01,-1.189273939513349060e-01,-1.931323377299909438e-01,-4.974307351663551091e-02,1.501754840379601608e-02
-3.072426127045809530e+00,3.376164403606395359e-01,-1.187771638818154452e-01,-1.931185729149383079e-01,-4.979319352358454326e-02,1.502846213068924353e-02
-3.074357243997778433e+00,3.371182582175772935e-01,-1.186268247760196154e-01,-1.931048193560765958e-01,-4.984321942391573695e-02,1.503935566802849441e-02
-3.076288223470499794e+00,3.366195762850711093e-01,-1.184763768355744790e-01,-1.930910770678222477e-01,-4.989315145125249040e-02,1.505022906947798243e-02
-3.078219065576750957e+00,3.361203955006857869e-01,-1.183258202615714016e-01,-1.930773460643984696e-01,-4.994298983849417700e-02,1.506108238851468911e-02
-3.080149770429450484e+00,3.356207167996608232e-01,-1.181751552545678985e-01,-1.930636263598366487e-01,-4.999273481781880274e-02,1.507191567842915830e-02
-3.082080338141656384e+00,3.351205411149175140e-01,-1.180243820145895212e-01,-1.930499179679776578e-01,-5.004238662068572624e-02,1.508272899232629242e-02
-3.084010768826564330e+00,3.346198693770660593e-01,-1.178735007411316760e-01,-1.930362209024731046e-01,-5.009194547783828860e-02,1.509352238312614003e-02
-3.085941062597505002e+00,3.341187025144128908e-01,-1.177225116331615112e-01,-1.930225351767867747e-01,-5.014141161930649876e-02,1.510429590356467643e-02
-3.087871219567943637e+00,3.336170414529676664e-01,-1.175714148891197214e-01,-1.930088608041957976e-01,-5.019078527440965637e-02,1.511504960619458778e-02
-3.089801239851476478e+00,3.331148871164504310e-01,-1.174202107069223927e-01,-1.929951977977920896e-01,-5.024006667175899554e-02,1.512578354338605345e-02
-3.091731123561829886e+00,3.326122404262985555e-01,-1.172688992839628075e-01,-1.929815461704835200e-01,-5.028925603926030774e-02,1.513649776732750932e-02
-3.093660870812859010e+00,3.321091023016739530e-01,-1.171174808171132897e-01,-1.929679059349952430e-01,-5.033835360411654386e-02,1.514719233002642315e-02
-3.095590481718544673e+00,3.316054736594699626e-01,-1.169659555027269676e-01,-1.929542771038709470e-01,-5.038735959283043020e-02,1.515786728331006139e-02
-3.097519956392992491e+00,3.311013554143183990e-01,-1.168143235366396193e-01,-1.929406596894741310e-01,-5.043627423120703585e-02,1.516852267882624720e-02
-3.099449294950430644e+00,3.305967484785964916e-01,-1.166625851141714215e-01,-1.929270537039894096e-01,-5.048509774435636782e-02,1.517915856804412204e-02
-3.101378497505208554e+00,3.300916537624338787e-01,-1.165107404301287397e-01,-1.929134591594236225e-01,-5.053383035669591766e-02,1.518977500225490024e-02
-3.103307564171794652e+00,3.295860721737194354e-01,-1.163587896788059461e-01,-1.928998760676072233e-01,-5.058247229195323574e-02,1.520037203257261493e-02
-3.105236495064775060e+00,3.290800046181082128e-01,-1.162067330539871268e-01,-1.928863044401953886e-01,-5.063102377316847091e-02,1.521094970993487269e-02
-3.107165290298851357e+00,3.285734519990282654e-01,-1.160545707489478717e-01,-1.928727442886693233e-01,-5.067948502269689626e-02,1.522150808510359075e-02
-3.109093949988839256e+00,3.280664152176875348e-01,-1.159023029564570512e-01,-1.928591956243374261e-01,-5.072785626221142791e-02,1.523204720866574123e-02
-3.111022474249665937e+00,3.275588951730806775e-01,-1.157499298687785089e-01,-1.928456584583365108e-01,-5.077613771270515775e-02,1.524256713103408489e-02
-3.112950863196370044e+00,3.270508927619957262e-01,-1.155974516776728522e-01,-1.928321328016329994e-01,-5.082432959449383753e-02,1.525306790244790496e-02
-3.114879116944098580e+00,3.265424088790209178e-01,-1.154448685743991454e-01,-1.928186186650241163e-01,-5.087243212721836993e-02,1.526354957297373569e-02
-3.116807235608106019e+00,3.260334444165515766e-01,-1.152921807497166579e-01,-1.928051160591390534e-01,-5.092044552984729272e-02,1.527401219250608747e-02
-3.118735219303752082e+00,3.255240002647965536e-01,-1.151393883938865714e-01,-1.927916249944401639e-01,-5.096837002067924893e-02,1.528445581076817196e-02
-3.120663068146499963e+00,3.250140773117851101e-01,-1.149864916966736733e-01,-1.927781454812241280e-01,-5.101620581734543636e-02,1.529488047731261506e-02
-3.122590782251915442e+00,3.245036764433735232e-01,-1.148334908473480770e-01,-1.927646775296230908e-01,-5.106395313681207082e-02,1.530528624152217854e-02
-3.124518361735664662e+00,3.239927985432517477e-01,-1.146803860346869430e-01,-1.927512211496058003e-01,-5.111161219538280787e-02,1.531567315261046607e-02
-3.126445806713512354e+00,3.234814444929499655e-01,-1.145271774469761028e-01,-1.927377763509788289e-01,-5.115918320870117830e-02,1.532604125962263447e-02
-3.128373117301320949e+00,3.229696151718451924e-01,-1.143738652720117932e-01,-1.927243431433875998e-01,-5.120666639175300988e-02,1.533639061143609629e-02
-3.130300293615048357e+00,3.224573114571679389e-01,-1.142204496971023220e-01,-1.927109215363175809e-01,-5.125406195886882815e-02,1.534672125676122406e-02
-3.132227335770746635e+00,3.219445342240085939e-01,-1.140669309090697053e-01,-1.926975115390953952e-01,-5.130137012372624344e-02,1.535703324414204422e-02
-3.134154243884560209e+00,3.214312843453240864e-01,-1.139133090942513471e-01,-1.926841131608899582e-01,-5.134859109935235866e-02,1.536732662195693447e-02
-3.136081018072724547e+00,3.209175626919442692e-01,-1.137595844385017180e-01,-1.926707264107135054e-01,-5.139572509812612849e-02,1.537760143841931590e-02
-3.138007658451564375e+00,3.204033701325785244e-01,-1.136057571271939515e-01,-1.926573512974227576e-01,-5.144277233178073255e-02,1.538785774157833651e-02
-3.139934165137491906e+00,3.198887075338220365e-01,-1.134518273452215231e-01,-1.926439878297200037e-01,-5.148973301140593456e-02,1.539809557931955813e-02
-3.141860538247005952e+00,3.193735757601622871e-01,-1.132977952769998603e-01,-1.926306360161541831e-01,-5.153660734745041383e-02,1.540831499936563993e-02
-3.143786777896690143e+00,3.188579756739854942e-01,-1.131436611064679798e-01,-1.926172958651219402e-01,-5.158339554972411756e-02,1.541851604927701146e-02
-3.145712884203211157e+00,3.183419081355829960e-01,-1.129894250170900838e-01,-1.926039673848687073e-01,-5.163009782740057840e-02,1.542869877645254920e-02
-3.147638857283317382e+00,3.178253740031575791e-01,-1.128350871918572251e-01,-1.925906505834897864e-01,-5.167671438901923903e-02,1.543886322813025139e-02
-3.149564697253837142e+00,3.173083741328296958e-01,-1.126806478132888617e-01,-1.925773454689313491e-01,-5.172324544248774886e-02,1.544900945138789894e-02
-3.151490404231677811e+00,3.167909093786439589e-01,-1.125261070634344523e-01,-1.925640520489915464e-01,-5.176969119508426781e-02,1.545913749314372677e-02
-3.153415978333824476e+00,3.162729805925753035e-01,-1.123714651238751083e-01,-1.925507703313215357e-01,-5.181605185345975612e-02,1.546924740015708129e-02
-3.155341419677336834e+00,3.157545886245353151e-01,-1.122167221757251060e-01,-1.925375003234265081e-01,-5.186232762364023641e-02,1.547933921902908301e-02
-3.157266728379350074e+00,3.152357343223783914e-01,-1.120618783996335105e-01,-1.925242420326666870e-01,-5.190851871102907661e-02,1.548941299620327540e-02
-3.159191904557071329e+00,3.147164185319080154e-01,-1.119069339757857301e-01,-1.925109954662584111e-01,-5.195462532040925202e-02,1.549946877796628576e-02
-3.161116948327780118e+00,3.141966420968829166e-01,-1.117518890839050982e-01,-1.924977606312751055e-01,-5.200064765594557270e-02,1.550950661044846537e-02
-3.163041859808824796e+00,3.136764058590233439e-01,-1.115967439032544278e-01,-1.924845375346482812e-01,-5.204658592118695248e-02,1.551952653962454000e-02
-3.164966639117623437e+00,3.131557106580170058e-01,-1.114414986126375379e-01,-1.924713261831685895e-01,-5.209244031906860861e-02,1.552952861131425347e-02
-3.166891286371660730e+00,3.126345573315253423e-01,-1.112861533904008493e-01,-1.924581265834867660e-01,-5.213821105191430300e-02,1.553951287118300606e-02
-3.168815801688487532e+00,3.121129467151896875e-01,-1.111307084144348839e-01,-1.924449387421146018e-01,-5.218389832143855572e-02,1.554947936474248942e-02
-3.170740185185718651e+00,3.115908796426372085e-01,-1.109751638621758185e-01,-1.924317626654260260e-01,-5.222950232874882387e-02,1.555942813735132317e-02
-3.172664436981032399e+00,3.110683569454870123e-01,-1.108195199106069839e-01,-1.924185983596579941e-01,-5.227502327434772195e-02,1.556935923421568294e-02
-3.174588557192168370e+00,3.105453794533561962e-01,-1.106637767362604469e-01,-1.924054458309114590e-01,-5.232046135813518684e-02,1.557927270038992999e-02
-3.176512545936927001e+00,3.100219479938658984e-01,-1.105079345152184533e-01,-1.923923050851523431e-01,-5.236581677941065660e-02,1.558916858077723407e-02
-3.178436403333167348e+00,3.094980633926472380e-01,-1.103519934231149968e-01,-1.923791761282125368e-01,-5.241108973687523542e-02,1.559904692013019435e-02
-3.180360129498806199e+00,3.089737264733473099e-01,-1.101959536351372754e-01,-1.923660589657908149e-01,-5.245628042863386548e-02,1.560890776305146228e-02
-3.182283724551816739e+00,3.084489380576351247e-01,-1.100398153260272183e-01,-1.923529536034537524e-01,-5.250138905219744329e-02,1.561875115399435042e-02
-3.184207188610227224e+00,3.079236989652075485e-01,-1.098835786700829570e-01,-1.923398600466367236e-01,-5.254641580448498467e-02,1.562857713726345174e-02
-3.186130521792119197e+00,3.073980100137951865e-01,-1.097272438411603240e-01,-1.923267783006447906e-01,-5.259136088182574109e-02,1.563838575701524333e-02
-3.188053724215627049e+00,3.068718720191683236e-01,-1.095708110126743240e-01,-1.923137083706536465e-01,-5.263622447996132298e-02,1.564817705725870048e-02
-3.189976795998935799e+00,3.063452857951426966e-01,-1.094142803576006184e-01,-1.923006502617105318e-01,-5.268100679404781606e-02,1.565795108185589340e-02
-3.191899737260281089e+00,3.058182521535854903e-01,-1.092576520484769553e-01,-1.922876039787351221e-01,-5.272570801865787693e-02,1.566770787452259270e-02
-3.193822548117946525e+00,3.052907719044210544e-01,-1.091009262574046818e-01,-1.922745695265205002e-01,-5.277032834778282860e-02,1.567744747882886605e-02
-3.195745228690263229e+00,3.047628458556366771e-01,-1.089441031560501455e-01,-1.922615469097339602e-01,-5.281486797483474216e-02,1.568716993819967154e-02
-3.197667779095608065e+00,3.042344748132884136e-01,-1.087871829156461800e-01,-1.922485361329180076e-01,-5.285932709264851842e-02,1.569687529591545783e-02
-3.199590199452403194e+00,3.037056595815068594e-01,-1.086301657069935339e-01,-1.922355372004911911e-01,-5.290370589348396269e-02,1.570656359511274358e-02
-3.201512489879113854e+00,3.031764009625029233e-01,-1.084730517004623140e-01,-1.922225501167489914e-01,-5.294800456902783170e-02,1.571623487878470726e-02
-3.203434650494247915e+00,3.026466997565734895e-01,-1.083158410659934012e-01,-1.922095748858647091e-01,-5.299222331039588757e-02,1.572588918978178041e-02
-3.205356681416354103e+00,3.021165567621070247e-01,-1.081585339730998796e-01,-1.921966115118903529e-01,-5.303636230813493779e-02,1.573552657081221662e-02
-3.207278582764021557e+00,3.015859727755895170e-01,-1.080011305908684660e-01,-1.921836599987574445e-01,-5.308042175222488224e-02,1.574514706444267789e-02
-3.209200354655878051e+00,3.010549485916099166e-01,-1.078436310879609117e-01,-1.921707203502779349e-01,-5.312440183208071154e-02,1.575475071309880709e-02
-3.211121997210588219e+00,3.005234850028657978e-01,-1.076860356326154317e-01,-1.921577925701450917e-01,-5.316830273655455408e-02,1.576433755906580039e-02
-3.213043510546853998e+00,2.999915828001690765e-01,-1.075283443926480648e-01,-1.921448766619342496e-01,-5.321212465393766744e-02,1.577390764448897975e-02
-3.214964894783411520e+00,2.994592427724515060e-01,-1.073705575354541031e-01,-1.921319726291037533e-01,-5.325586777196243682e-02,1.578346101137436189e-02
-3.216886150039031556e+00,2.989264657067703390e-01,-1.072126752280094658e-01,-1.921190804749957348e-01,-5.329953227780438035e-02,1.579299770158922381e-02
-3.218807276432517739e+00,2.983932523883138788e-01,-1.070546976368721009e-01,-1.921062002028369464e-01,-5.334311835808411284e-02,1.580251775686265792e-02
-3.220728274082705234e+00,2.978596036004069192e-01,-1.068966249281833591e-01,-1.920933318157396485e-01,-5.338662619886933025e-02,1.581202121878613753e-02
-3.222649143108459402e+00,2.973255201245163515e-01,-1.067384572676693399e-01,-1.920804753167023871e-01,-5.343005598567679426e-02,1.582150812881407548e-02
-3.224569883628675804e+00,2.967910027402566597e-01,-1.065801948206423072e-01,-1.920676307086107981e-01,-5.347340790347425432e-02,1.583097852826437571e-02
-3.226490495762277533e+00,2.962560522253954165e-01,-1.064218377520020214e-01,-1.920547979942384409e-01,-5.351668213668243912e-02,1.584043245831898497e-02
-3.228410979628215216e+00,2.957206693558586674e-01,-1.062633862262370721e-01,-1.920419771762476302e-01,-5.355987886917696478e-02,1.584986996002444443e-02
-3.230331335345465682e+00,2.951848549057364268e-01,-1.061048404074262930e-01,-1.920291682571901581e-01,-5.360299828429028468e-02,1.585929107429243437e-02
-3.232251563033030184e+00,2.946486096472881178e-01,-1.059462004592400669e-01,-1.920163712395082101e-01,-5.364604056481362543e-02,1.586869584190031546e-02
-3.234171662809934844e+00,2.941119343509479012e-01,-1.057874665449416579e-01,-1.920035861255350307e-01,-5.368900589299888809e-02,1.587808430349167688e-02
-3.236091634795227545e+00,2.935748297853301714e-01,-1.056286388273885712e-01,-1.919908129174958122e-01,-5.373189445056057029e-02,1.588745649957687411e-02
-3.238011479107978374e+00,2.930372967172347742e-01,-1.054697174690338718e-01,-1.919780516175084162e-01,-5.377470641867766049e-02,1.589681247053355631e-02
-3.239931195867277847e+00,2.924993359116525027e-01,-1.053107026319275025e-01,-1.919653022275841503e-01,-5.381744197799554624e-02,1.590615225660721097e-02
-3.241850785192236462e+00,2.919609481317703703e-01,-1.051515944777176165e-01,-1.919525647496285736e-01,-5.386010130862788764e-02,1.591547589791169129e-02
-3.243770247201982926e+00,2.914221341389768849e-01,-1.049923931676518818e-01,-1.919398391854422181e-01,-5.390268459015850472e-02,1.592478343442974703e-02
-3.245689582015663710e+00,2.908828946928673220e-01,-1.048330988625787857e-01,-1.919271255367213935e-01,-5.394519200164324402e-02,1.593407490601354490e-02
-3.247608789752441272e+00,2.903432305512489986e-01,-1.046737117229489672e-01,-1.919144238050589368e-01,-5.398762372161185208e-02,1.594335035238520284e-02
-3.249527870531493612e+00,2.898031424701467129e-01,-1.045142319088164656e-01,-1.919017339919449339e-01,-5.402997992806982119e-02,1.595260981313730009e-02
-3.251446824472013386e+00,2.892626312038076297e-01,-1.043546595798400534e-01,-1.918890560987674687e-01,-5.407226079850024208e-02,1.596185332773340446e-02
-3.253365651693206573e+00,2.887216975047068312e-01,-1.041949948952845123e-01,-1.918763901268134009e-01,-5.411446650986564966e-02,1.597108093550858587e-02
-3.255284352314291141e+00,2.881803421235523133e-01,-1.040352380140219107e-01,-1.918637360772690592e-01,-5.415659723860984792e-02,1.598029267566993331e-02
-3.257202926454497049e+00,2.876385658092902031e-01,-1.038753890945328801e-01,-1.918510939512210189e-01,-5.419865316065974881e-02,1.598948858729705783e-02
-3.259121374233064028e+00,2.870963693091099778e-01,-1.037154482949078915e-01,-1.918384637496567957e-01,-5.424063445142717627e-02,1.599866870934261651e-02
-3.261039695769241575e+00,2.865537533684495153e-01,-1.035554157728485331e-01,-1.918258454734655671e-01,-5.428254128581068427e-02,1.600783308063280855e-02
-3.262957891182287185e+00,2.860107187310003130e-01,-1.033952916856687443e-01,-1.918132391234388945e-01,-5.432437383819736787e-02,1.601698173986788529e-02
-3.264875960591466342e+00,2.854672661387125387e-01,-1.032350761902960934e-01,-1.918006447002714721e-01,-5.436613228246463952e-02,1.602611472562264633e-02
-3.266793904116050751e+00,2.849233963318000828e-01,-1.030747694432730399e-01,-1.917880622045617656e-01,-5.440781679198204712e-02,1.603523207634694955e-02
-3.268711721875317444e+00,2.843791100487457757e-01,-1.029143716007581560e-01,-1.917754916368127616e-01,-5.444942753961302950e-02,1.604433383036619684e-02
-3.270629413988548340e+00,2.838344080263062175e-01,-1.027538828185273756e-01,-1.917629329974326613e-01,-5.449096469771669976e-02,1.605342002588183714e-02
-3.272546980575028464e+00,2.832892909995169406e-01,-1.025933032519752569e-01,-1.917503862867356024e-01,-5.453242843814962160e-02,1.606249070097186260e-02
-3.274464421754045951e+00,2.827437597016975168e-01,-1.024326330561161624e-01,-1.917378515049422971e-01,-5.457381893226755099e-02,1.607154589359129082e-02
-3.276381737644890713e+00,2.821978148644563866e-01,-1.022718723855855355e-01,-1.917253286521807265e-01,-5.461513635092721253e-02,1.608058564157266099e-02
-3.278298928366853104e+00,2.816514572176959108e-01,-1.021110213946411077e-01,-1.917128177284868618e-01,-5.465638086448802030e-02,1.608960998262651265e-02
-3.280215994039223926e+00,2.811046874896173664e-01,-1.019500802371641063e-01,-1.917003187338053027e-01,-5.469755264281384033e-02,1.609861895434187493e-02
-3.282132934781292199e+00,2.805575064067257762e-01,-1.017890490666604891e-01,-1.916878316679899719e-01,-5.473865185527469757e-02,1.610761259418675220e-02
-3.284049750712345617e+00,2.800099146938350714e-01,-1.016279280362621107e-01,-1.916753565308047524e-01,-5.477967867074852448e-02,1.611659093950859253e-02
-3.285966441951669204e+00,2.794619130740727542e-01,-1.014667172987279570e-01,-1.916628933219242104e-01,-5.482063325762286110e-02,1.612555402753476988e-02
-3.287883008618543990e+00,2.789135022688848942e-01,-1.013054170064453530e-01,-1.916504420409341769e-01,-5.486151578379656890e-02,1.613450189537306637e-02
-3.289799450832246119e+00,2.783646829980410686e-01,-1.011440273114311422e-01,-1.916380026873324705e-01,-5.490232641668153779e-02,1.614343458001213719e-02
-3.291715768712046852e+00,2.778154559796390810e-01,-1.009825483653328665e-01,-1.916255752605295071e-01,-5.494306532320438613e-02,1.615235211832198592e-02
-3.293631962377210787e+00,2.772658219301099569e-01,-1.008209803194299453e-01,-1.916131597598489666e-01,-5.498373266980814689e-02,1.616125454705442249e-02
-3.295548031946995415e+00,2.767157815642227181e-01,-1.006593233246348973e-01,-1.916007561845284590e-01,-5.502432862245393991e-02,1.617014190284354544e-02
-3.297463977540649793e+00,2.761653355950891009e-01,-1.004975775314944780e-01,-1.915883645337200791e-01,-5.506485334662266501e-02,1.617901422220619639e-02
-3.299379799277414982e+00,2.756144847341684412e-01,-1.003357430901908459e-01,-1.915759848064911286e-01,-5.510530700731666731e-02,1.618787154154242500e-02
-3.301295497276521385e+00,2.750632296912725039e-01,-1.001738201505427556e-01,-1.915636170018246986e-01,-5.514568976906138176e-02,1.619671389713594686e-02
-3.303211071657189635e+00,2.745115711745701459e-01,-1.000118088620066958e-01,-1.915512611186203362e-01,-5.518600179590701926e-02,1.620554132515460155e-02
-3.305126522538628375e+00,2.739595098905920345e-01,-9.984970937367805555e-02,-1.915389171556946268e-01,-5.522624325143019042e-02,1.621435386165081052e-02
-3.307041850040033815e+00,2.734070465442355324e-01,-9.968752183429227531e-02,-1.915265851117818052e-01,-5.526641429873556388e-02,1.622315154256203512e-02
-3.308957054280589727e+00,2.728541818387691942e-01,-9.952524639222599945e-02,-1.915142649855344215e-01,-5.530651510045749009e-02,1.623193440371121371e-02
-3.310872135379465231e+00,2.723009164758377065e-01,-9.936288319549821391e-02,-1.915019567755239238e-01,-5.534654581876163881e-02,1.624070248080722659e-02
-3.312787093455815679e+00,2.717472511554663295e-01,-9.920043239177137040e-02,-1.914896604802412416e-01,-5.538650661534661596e-02,1.624945580944533660e-02
-3.314701928628780436e+00,2.711931865760656701e-01,-9.903789412835253825e-02,-1.914773760980973960e-01,-5.542639765144558028e-02,1.625819442510763324e-02
-3.316616641017482436e+00,2.706387234344364012e-01,-9.887526855219455624e-02,-1.914651036274241380e-01,-5.546621908782786020e-02,1.626691836316348019e-02
-3.318531230741027738e+00,2.700838624257737575e-01,-9.871255580989708733e-02,-1.914528430664745318e-01,-5.550597108480054276e-02,1.627562765886995250e-02
-3.320445697918504635e+00,2.695286042436721985e-01,-9.854975604770781217e-02,-1.914405944134234816e-01,-5.554565380221009041e-02,1.628432234737227716e-02
-3.322360042668982771e+00,2.689729495801300718e-01,-9.838686941152352539e-02,-1.914283576663683706e-01,-5.558526739944391615e-02,1.629300246370427377e-02
-3.324274265111512250e+00,2.684168991255541092e-01,-9.822389604689120424e-02,-1.914161328233296988e-01,-5.562481203543196556e-02,1.630166804278878820e-02
-3.326188365365122745e+00,2.678604535687639787e-01,-9.806083609900918818e-02,-1.914039198822515275e-01,-5.566428786864830586e-02,1.631031911943811932e-02
-3.328102343548823505e+00,2.673036135969969473e-01,-9.789768971272820586e-02,-1.913917188410021730e-01,-5.570369505711268016e-02,1.631895572835445965e-02
-3.330016199781601571e+00,2.667463798959123222e-01,-9.773445703255255468e-02,-1.913795296973747340e-01,-5.574303375839209651e-02,1.632757790413032206e-02
-3.331929934182422226e+00,2.661887531495959469e-01,-9.757113820264111392e-02,-1.913673524490876465e-01,-5.578230412960236140e-02,1.633618568124896309e-02
-3.333843546870226771e+00,2.656307340405648643e-01,-9.740773336680849659e-02,-1.913551870937852672e-01,-5.582150632740964097e-02,1.634477909408481311e-02
-3.335757037963932969e+00,2.650723232497716464e-01,-9.724424266852611798e-02,-1.913430336290384282e-01,-5.586064050803201536e-02,1.635335817690389618e-02
-3.337670407582434162e+00,2.645135214566088910e-01,-9.708066625092326429e-02,-1.913308920523450196e-01,-5.589970682724100526e-02,1.636192296386425674e-02
-3.339583655844597931e+00,2.639543293389137180e-01,-9.691700425678817510e-02,-1.913187623611305177e-01,-5.593870544036311926e-02,1.637047348901637597e-02
-3.341496782869266102e+00,2.633947475729722099e-01,-9.675325682856913967e-02,-1.913066445527485115e-01,-5.597763650228137350e-02,1.637900978630358467e-02
-3.343409788775253411e+00,2.628347768335238532e-01,-9.658942410837552395e-02,-1.912945386244812862e-01,-5.601650016743680432e-02,1.638753188956248996e-02
-3.345322673681347059e+00,2.622744177937659238e-01,-9.642550623797886689e-02,-1.912824445735403500e-01,-5.605529658983000180e-02,1.639603983252337777e-02
-3.347235437706305827e+00,2.617136711253578718e-01,-9.626150335881394904e-02,-1.912703623970670175e-01,-5.609402592302260154e-02,1.640453364881063608e-02
-3.349148080968860075e+00,2.611525374984257075e-01,-9.609741561197981952e-02,-1.912582920921328533e-01,-5.613268832013880438e-02,1.641301337194315743e-02
-3.351060603587710407e+00,2.605910175815663310e-01,-9.593324313824087846e-02,-1.912462336557403109e-01,-5.617128393386685431e-02,1.642147903533474826e-02
-3.352973005681526786e+00,2.600291120418520840e-01,-9.576898607802789010e-02,-1.912341870848231484e-01,-5.620981291646055117e-02,1.642993067229453832e-02
-3.354885287368948088e+00,2.594668215448348025e-01,-9.560464457143906525e-02,-1.912221523762470954e-01,-5.624827541974072170e-02,1.643836831602738316e-02
-3.356797448768582104e+00,2.589041467545503128e-01,-9.544021875824108825e-02,-1.912101295268102408e-01,-5.628667159509669754e-02,1.644679199963426999e-02
-3.358709489999003761e+00,2.583410883335227060e-01,-9.527570877787013004e-02,-1.911981185332436162e-01,-5.632500159348779317e-02,1.645520175611270980e-02
-3.360621411178755125e+00,2.577776469427686123e-01,-9.511111476943293064e-02,-1.911861193922116953e-01,-5.636326556544477701e-02,1.646359761835715016e-02
-3.362533212426344953e+00,2.572138232418015313e-01,-9.494643687170778446e-02,-1.911741321003129490e-01,-5.640146366107133546e-02,1.647197961915936038e-02
-3.364444893860246921e+00,2.566496178886359947e-01,-9.478167522314558113e-02,-1.911621566540802619e-01,-5.643959603004550935e-02,1.648034779120883392e-02
-3.366356455598900066e+00,2.560850315397918964e-01,-9.461682996187081862e-02,-1.911501930499815705e-01,-5.647766282162116486e-02,1.648870216709318048e-02
-3.368267897760708340e+00,2.555200648502987115e-01,-9.445190122568263014e-02,-1.911382412844202239e-01,-5.651566418462943692e-02,1.649704277929851803e-02
-3.370179220464038394e+00,2.549547184736997707e-01,-9.428688915205581111e-02,-1.911263013537355948e-01,-5.655360026748014468e-02,1.650536966020986138e-02
-3.372090423827220462e+00,2.543889930620563122e-01,-9.412179387814179066e-02,-1.911143732542034956e-01,-5.659147121816325565e-02,1.651368284211151768e-02
-3.374001507968547031e+00,2.538228892659518121e-01,-9.395661554076965849e-02,-1.911024569820367336e-01,-5.662927718425029427e-02,1.652198235718746119e-02
-3.375912473006272840e+00,2.532564077344960918e-01,-9.379135427644716416e-02,-1.910905525333855548e-01,-5.666701831289575747e-02,1.653026823752172872e-02
-3.377823319058613549e+00,2.526895491153295370e-01,-9.362601022136173012e-02,-1.910786599043381440e-01,-5.670469475083855793e-02,1.653854051509880130e-02
-3.379734046243745293e+00,2.521223140546272057e-01,-9.346058351138140929e-02,-1.910667790909211516e-01,-5.674230664440340494e-02,1.654679922180397889e-02
-3.381644654679804241e+00,2.515547031971029912e-01,-9.329507428205591202e-02,-1.910549100891001106e-01,-5.677985413950222687e-02,1.655504438942376547e-02
-3.383555144484885702e+00,2.509867171860136748e-01,-9.312948266861757751e-02,-1.910430528947799356e-01,-5.681733738163555897e-02,1.656327604964625069e-02
-3.385465515777044132e+00,2.504183566631631441e-01,-9.296380880598233143e-02,-1.910312075038053947e-01,-5.685475651589393803e-02,1.657149423406148112e-02
-3.387375768674292242e+00,2.498496222689063906e-01,-9.279805282875071282e-02,-1.910193739119616096e-01,-5.689211168695931103e-02,1.657969897416183488e-02
-3.389285903294599667e+00,2.492805146421536444e-01,-9.263221487120881781e-02,-1.910075521149744715e-01,-5.692940303910638822e-02,1.658789030134239298e-02
-3.391195919755893406e+00,2.487110344203743717e-01,-9.246629506732925718e-02,-1.909957421085111684e-01,-5.696663071620404473e-02,1.659606824690132085e-02
-3.393105818176056943e+00,2.481411822396014377e-01,-9.230029355077216946e-02,-1.909839438881806017e-01,-5.700379486171666676e-02,1.660423284204022576e-02
-3.395015598672929347e+00,2.475709587344350482e-01,-9.213421045488615069e-02,-1.909721574495338303e-01,-5.704089561870553937e-02,1.661238411786453151e-02
-3.396925261364304838e+00,2.470003645380468016e-01,-9.196804591270921203e-02,-1.909603827880645976e-01,-5.707793312983020645e-02,1.662052210538384617e-02
-3.398834806367932782e+00,2.464294002821837415e-01,-9.180180005696976508e-02,-1.909486198992097206e-01,-5.711490753734980996e-02,1.662864683551232292e-02
-3.400744233801515914e+00,2.458580665971722423e-01,-9.163547302008752393e-02,-1.909368687783495611e-01,-5.715181898312445691e-02,1.663675833906902435e-02
-3.402653543782710788e+00,2.452863641119221449e-01,-9.146906493417451822e-02,-1.909251294208084704e-01,-5.718866760861655851e-02,1.664485664677828325e-02
-3.404562736429127323e+00,2.447142934539305870e-01,-9.130257593103599523e-02,-1.909134018218552331e-01,-5.722545355489216251e-02,1.665294178927006347e-02
-3.406471811858327481e+00,2.441418552492860550e-01,-9.113600614217137741e-02,-1.909016859767035112e-01,-5.726217696262229928e-02,1.666101379708032418e-02
-3.408380770187824815e+00,2.435690501226722982e-01,-9.096935569877517835e-02,-1.908899818805123161e-01,-5.729883797208430718e-02,1.666907270065136337e-02
-3.410289611535084475e+00,2.429958786973722418e-01,-9.080262473173797422e-02,-1.908782895283863690e-01,-5.733543672316314399e-02,1.667711853033218214e-02
-3.412198336017522760e+00,2.424223415952719285e-01,-9.063581337164730578e-02,-1.908666089153766288e-01,-5.737197335535273307e-02,1.668515131637884202e-02
-3.414106943752505785e+00,2.418484394368644042e-01,-9.046892174878862214e-02,-1.908549400364805970e-01,-5.740844800775724704e-02,1.669317108895480503e-02
-3.416015434857349486e+00,2.412741728412536313e-01,-9.030194999314619664e-02,-1.908432828866429010e-01,-5.744486081909243314e-02,1.670117787813129445e-02
-3.417923809449318728e+00,2.406995424261583194e-01,-9.013489823440405668e-02,-1.908316374607555710e-01,-5.748121192768691767e-02,1.670917171388764180e-02
-3.419832067645627305e+00,2.401245488079158386e-01,-8.996776660194687192e-02,-1.908200037536585680e-01,-5.751750147148348979e-02,1.671715262611162683e-02
-3.421740209563437052e+00,2.395491926014860495e-01,-8.980055522486092567e-02,-1.908083817601401722e-01,-5.755372958804041289e-02,1.672512064459983488e-02
-3.423648235319857847e+00,2.389734744204551897e-01,-8.963326423193496151e-02,-1.907967714749373433e-01,-5.758989641453270136e-02,1.673307579905798995e-02
-3.425556145031945832e+00,2.383973948770395923e-01,-8.946589375166114078e-02,-1.907851728927362212e-01,-5.762600208775340432e-02,1.674101811910130855e-02
-3.427463938816704747e+00,2.378209545820895998e-01,-8.929844391223588917e-02,-1.907735860081724855e-01,-5.766204674411488235e-02,1.674894763425482935e-02
-3.429371616791083710e+00,2.372441541450933389e-01,-8.913091484156086819e-02,-1.907620108158318006e-01,-5.769803051965009116e-02,1.675686437395376011e-02
-3.431279179071977659e+00,2.366669941741804672e-01,-8.896330666724382163e-02,-1.907504473102501763e-01,-5.773395355001383761e-02,1.676476836754381416e-02
-3.433186625776226464e+00,2.360894752761260040e-01,-8.879561951659947772e-02,-1.907388954859144115e-01,-5.776981597048404249e-02,1.677265964428155051e-02
-3.435093957020614930e+00,2.355115980563540490e-01,-8.862785351665045108e-02,-1.907273553372624553e-01,-5.780561791596301041e-02,1.678053823333469988e-02
-3.437001172921871905e+00,2.349333631189415572e-01,-8.846000879412811713e-02,-1.907158268586838235e-01,-5.784135952097867184e-02,1.678840416378251169e-02
-3.438908273596669840e+00,2.343547710666221140e-01,-8.829208547547350017e-02,-1.907043100445200423e-01,-5.787704091968583209e-02,1.679625746461607325e-02
-3.440815259161624784e+00,2.337758225007895430e-01,-8.812408368683814774e-02,-1.906928048890649541e-01,-5.791266224586742034e-02,1.680409816473864976e-02
-3.442722129733294611e+00,2.331965180215017641e-01,-8.795600355408503268e-02,-1.906813113865651887e-01,-5.794822363293572476e-02,1.681192629296601043e-02
-3.444628885428179910e+00,2.326168582274843466e-01,-8.778784520278937187e-02,-1.906698295312204694e-01,-5.798372521393363455e-02,1.681974187802675463e-02
-3.446535526362723090e+00,2.320368437161343389e-01,-8.761960875823956996e-02,-1.906583593171841118e-01,-5.801916712153585426e-02,1.682754494856263799e-02
-3.448442052653307943e+00,2.314564750835238494e-01,-8.745129434543801039e-02,-1.906469007385632741e-01,-5.805454948805013893e-02,1.683533553312890202e-02
-3.450348464416259198e+00,2.308757529244037654e-01,-8.728290208910198522e-02,-1.906354537894194290e-01,-5.808987244541850142e-02,1.684311366019459674e-02
-3.452254761767841185e+00,2.302946778322073340e-01,-8.711443211366450001e-02,-1.906240184637687241e-01,-5.812513612521844758e-02,1.685087935814289645e-02
-3.454160944824259172e+00,2.297132503990538532e-01,-8.694588454327517590e-02,-1.906125947555823152e-01,-5.816034065866416969e-02,1.685863265527142926e-02
-3.456067013701657586e+00,2.291314712157523359e-01,-8.677725950180108228e-02,-1.906011826587868385e-01,-5.819548617660776080e-02,1.686637357979258942e-02
-3.457972968516119128e+00,2.285493408718050345e-01,-8.660855711282758329e-02,-1.905897821672646597e-01,-5.823057280954040127e-02,1.687410215983385989e-02
-3.459878809383666542e+00,2.279668599554110775e-01,-8.643977749965918445e-02,-1.905783932748543463e-01,-5.826560068759357308e-02,1.688181842343812814e-02
-3.461784536420259517e+00,2.273840290534701325e-01,-8.627092078532040687e-02,-1.905670159753509729e-01,-5.830056994054024638e-02,1.688952239856399834e-02
-3.463690149741796009e+00,2.268008487515858762e-01,-8.610198709255657834e-02,-1.905556502625064541e-01,-5.833548069779605216e-02,1.689721411308610713e-02
-3.465595649464110917e+00,2.262173196340696024e-01,-8.593297654383472151e-02,-1.905442961300300442e-01,-5.837033308842047574e-02,1.690489359479543929e-02
-3.467501035702976520e+00,2.256334422839438303e-01,-8.576388926134434487e-02,-1.905329535715885036e-01,-5.840512724111805026e-02,1.691256087139962963e-02
-3.469406308574101594e+00,2.250492172829457738e-01,-8.559472536699831713e-02,-1.905216225808066544e-01,-5.843986328423949467e-02,1.692021597052328560e-02
-3.471311468193130079e+00,2.244646452115309221e-01,-8.542548498243365818e-02,-1.905103031512675738e-01,-5.847454134578290719e-02,1.692785891970828224e-02
-3.473216514675642852e+00,2.238797266488765092e-01,-8.525616822901239955e-02,-1.904989952765130112e-01,-5.850916155339493108e-02,1.693548974641407787e-02
-3.475121448137154623e+00,2.232944621728850942e-01,-8.508677522782237546e-02,-1.904876989500437767e-01,-5.854372403437189260e-02,1.694310847801801939e-02
-3.477026268693116151e+00,2.227088523601879755e-01,-8.491730609967805543e-02,-1.904764141653200460e-01,-5.857822891566098061e-02,1.695071514181564071e-02
-3.478930976458911584e+00,2.221228977861487708e-01,-8.474776096512136314e-02,-1.904651409157616659e-01,-5.861267632386138460e-02,1.695830976502097492e-02
-3.480835571549859786e+00,2.215365990248668038e-01,-8.457813994442249517e-02,-1.904538791947485710e-01,-5.864706638522543952e-02,1.696589237476684581e-02
-3.482740054081213010e+00,2.209499566491806288e-01,-8.440844315758071204e-02,-1.904426289956211160e-01,-5.868139922565977079e-02,1.697346299810517309e-02
-3.484644424168156451e+00,2.203629712306714450e-01,-8.423867072432517089e-02,-1.904313903116803541e-01,-5.871567497072643221e-02,1.698102166200727431e-02
-3.486548681925808246e+00,2.197756433396665376e-01,-8.406882276411570265e-02,-1.904201631361884528e-01,-5.874989374564404399e-02,1.698856839336415625e-02
-3.488452827469219031e+00,2.191879735452427480e-01,-8.389889939614365855e-02,-1.904089474623689437e-01,-5.878405567528890985e-02,1.699610321898681678e-02
-3.490356860913371495e+00,2.185999624152298315e-01,-8.372890073933263178e-02,-1.903977432834071670e-01,-5.881816088419614813e-02,1.700362616560653975e-02
-3.492260782373180383e+00,2.180116105162139273e-01,-8.355882691233934567e-02,-1.903865505924504653e-01,-5.885220949656081585e-02,1.701113725987518296e-02
-3.494164591963491162e+00,2.174229184135408610e-01,-8.338867803355437536e-02,-1.903753693826086280e-01,-5.888620163623901199e-02,1.701863652836548002e-02
-3.496068289799080020e+00,2.168338866713196422e-01,-8.321845422110296653e-02,-1.903641996469541686e-01,-5.892013742674900856e-02,1.702612399757132133e-02
-3.497971875994654312e+00,2.162445158524257671e-01,-8.304815559284582649e-02,-1.903530413785226583e-01,-5.895401699127233303e-02,1.703359969390804904e-02
-3.499875350664851226e+00,2.156548065185046048e-01,-8.287778226637990131e-02,-1.903418945703130027e-01,-5.898784045265489939e-02,1.704106364371275190e-02
-3.501778713924237785e+00,2.150647592299747279e-01,-8.270733435903913910e-02,-1.903307592152878314e-01,-5.902160793340807676e-02,1.704851587324454285e-02
-3.503681965887310845e+00,2.144743745460312434e-01,-8.253681198789530882e-02,-1.903196353063738022e-01,-5.905531955570980651e-02,1.705595640868484697e-02
-3.505585106668495321e+00,2.138836530246491785e-01,-8.236621526975872187e-02,-1.903085228364618520e-01,-5.908897544140569169e-02,1.706338527613769640e-02
-3.507488136382145960e+00,2.132925952225867283e-01,-8.219554432117907872e-02,-1.902974217984076122e-01,-5.912257571201006562e-02,1.707080250163000093e-02
-3.509391055142545568e+00,2.127012016953886142e-01,-8.202479925844614883e-02,-1.902863321850316314e-01,-5.915612048870708822e-02,1.707820811111184292e-02
-3.511293863063905007e+00,2.121094729973893867e-01,-8.185398019759061727e-02,-1.902752539891197359e-01,-5.918960989235182157e-02,1.708560213045674445e-02
-3.513196560260362311e+00,2.115174096817166172e-01,-8.168308725438480633e-02,-1.902641872034232795e-01,-5.922304404347130541e-02,1.709298458546195873e-02
-3.515099146845983125e+00,2.109250123002943123e-01,-8.151212054434343879e-02,-1.902531318206595601e-01,-5.925642306226562572e-02,1.710035550184874770e-02
-3.517001622934760707e+00,2.103322814038460775e-01,-8.134108018272440122e-02,-1.902420878335120136e-01,-5.928974706860897642e-02,1.710771490526265606e-02
-3.518903988640614156e+00,2.097392175418984206e-01,-8.116996628452952112e-02,-1.902310552346305750e-01,-5.932301618205072097e-02,1.711506282127379236e-02
-3.520806244077389291e+00,2.091458212627839430e-01,-8.099877896450527470e-02,-1.902200340166319559e-01,-5.935623052181646098e-02,1.712239927537709608e-02
-3.522708389358858216e+00,2.085520931136446154e-01,-8.082751833714359180e-02,-1.902090241720999220e-01,-5.938939020680907011e-02,1.712972429299262564e-02
-3.524610424598717984e+00,2.079580336404350249e-01,-8.065618451668254973e-02,-1.901980256935856539e-01,-5.942249535560976959e-02,1.713703789946581513e-02
-3.526512349910591482e+00,2.073636433879254837e-01,-8.048477761710716438e-02,-1.901870385736079694e-01,-5.945554608647914130e-02,1.714434012006775879e-02
-3.528414165408026548e+00,2.067689228997053597e-01,-8.031329775215009792e-02,-1.901760628046536838e-01,-5.948854251735820331e-02,1.715163097999547470e-02
-3.530315871204495970e+00,2.061738727181861575e-01,-8.014174503529240823e-02,-1.901650983791778049e-01,-5.952148476586942294e-02,1.715891050437217888e-02
-3.532217467413396594e+00,2.055784933846047935e-01,-7.997011957976431218e-02,-1.901541452896039486e-01,-5.955437294931776454e-02,1.716617871824755240e-02
-3.534118954148049330e+00,2.049827854390266768e-01,-7.979842149854586564e-02,-1.901432035283245059e-01,-5.958720718469170258e-02,1.717343564659800509e-02
-3.536020331521698701e+00,2.043867494203489288e-01,-7.962665090436774062e-02,-1.901322730877010037e-01,-5.961998758866426940e-02,1.718068131432694268e-02
-3.537921599647513293e+00,2.037903858663034917e-01,-7.945480790971194696e-02,-1.901213539600643543e-01,-5.965271427759406137e-02,1.718791574626504087e-02
-3.539822758638584421e+00,2.031936953134603208e-01,-7.928289262681254002e-02,-1.901104461377151333e-01,-5.968538736752626583e-02,1.719513896717049517e-02
-3.541723808607926127e+00,2.025966782972304647e-01,-7.911090516765635627e-02,-1.900995496129239126e-01,-5.971800697419366727e-02,1.720235100172929146e-02
-3.543624749668475626e+00,2.019993353518692025e-01,-7.893884564398372106e-02,-1.900886643779314267e-01,-5.975057321301766727e-02,1.720955187455546626e-02
-3.545525581933091530e+00,2.014016670104791795e-01,-7.876671416728919795e-02,-1.900777904249489891e-01,-5.978308619910927685e-02,1.721674161019136687e-02
-3.547426305514555178e+00,2.008036738050134329e-01,-7.859451084882228267e-02,-1.900669277461586593e-01,-5.981554604727013641e-02,1.722392023310791512e-02
-3.549326920525569307e+00,2.002053562662785280e-01,-7.842223579958809698e-02,-1.900560763337135473e-01,-5.984795287199350805e-02,1.723108776770485365e-02
-3.551227427078757604e+00,1.996067149239376948e-01,-7.824988913034813809e-02,-1.900452361797380918e-01,-5.988030678746526086e-02,1.723824423831101307e-02
-3.553127825286665598e+00,1.990077503065137698e-01,-7.807747095162097251e-02,-1.900344072763283376e-01,-5.991260790756487015e-02,1.724538966918456873e-02
-3.555028115261759325e+00,1.984084629413923606e-01,-7.790498137368291609e-02,-1.900235896155521576e-01,-5.994485634586641659e-02,1.725252408451329045e-02
-3.556928297116425330e+00,1.978088533548248429e-01,-7.773242050656878344e-02,-1.900127831894495856e-01,-5.997705221563955080e-02,1.725964750841479933e-02
-3.558828370962970666e+00,1.972089220719314140e-01,-7.755978846007254013e-02,-1.900019879900330111e-01,-6.000919562985048555e-02,1.726675996493681753e-02
-3.560728336913621561e+00,1.966086696167041181e-01,-7.738708534374803827e-02,-1.899912040092874843e-01,-6.004128670116296723e-02,1.727386147805742497e-02
-3.562628195080525195e+00,1.960080965120098995e-01,-7.721431126690969649e-02,-1.899804312391709660e-01,-6.007332554193925422e-02,1.728095207168530226e-02
-3.564527945575747037e+00,1.954072032795935443e-01,-7.704146633863316607e-02,-1.899696696716145772e-01,-6.010531226424107448e-02,1.728803176965999083e-02
-3.566427588511272173e+00,1.948059904400807341e-01,-7.686855066775609424e-02,-1.899589192985228769e-01,-6.013724697983061085e-02,1.729510059575213241e-02
-3.568327123999005313e+00,1.942044585129810430e-01,-7.669556436287872092e-02,-1.899481801117741120e-01,-6.016912980017145168e-02,1.730215857366371873e-02
-3.570226552150768562e+00,1.936026080166908803e-01,-7.652250753236462810e-02,-1.899374521032204111e-01,-6.020096083642953455e-02,1.730920572702834143e-02
-3.572125873078303204e+00,1.930004394684964597e-01,-7.634938028434140600e-02,-1.899267352646881457e-01,-6.023274019947413155e-02,1.731624207941143481e-02
-3.574025086893268366e+00,1.923979533845768253e-01,-7.617618272670133306e-02,-1.899160295879780969e-01,-6.026446799987877911e-02,1.732326765431051532e-02
-3.575924193707241461e+00,1.917951502800067098e-01,-7.600291496710204209e-02,-1.899053350648657046e-01,-6.029614434792222866e-02,1.733028247515543477e-02
-3.577823193631716858e+00,1.911920306687595883e-01,-7.582957711296720027e-02,-1.898946516871013734e-01,-6.032776935358939024e-02,1.733728656530861625e-02
-3.579722086778106771e+00,1.905885950637105086e-01,-7.565616927148718918e-02,-1.898839794464106667e-01,-6.035934312657229017e-02,1.734427994806529705e-02
-3.581620873257740811e+00,1.899848439766390618e-01,-7.548269154961978478e-02,-1.898733183344945841e-01,-6.039086577627097996e-02,1.735126264665376450e-02
-3.583519553181864659e+00,1.893807779182322959e-01,-7.530914405409079582e-02,-1.898626683430297557e-01,-6.042233741179449391e-02,1.735823468423560584e-02
-3.585418126661641391e+00,1.887763973980876586e-01,-7.513552689139477159e-02,-1.898520294636687478e-01,-6.045375814196176506e-02,1.736519608390593369e-02
-3.587316593808150156e+00,1.881717029247158002e-01,-7.496184016779561254e-02,-1.898414016880402289e-01,-6.048512807530256191e-02,1.737214686869362895e-02
-3.589214954732386609e+00,1.875666950055435156e-01,-7.478808398932729196e-02,-1.898307850077492476e-01,-6.051644732005839744e-02,1.737908706156158362e-02
-3.591113209545261586e+00,1.869613741469166868e-01,-7.461425846179445265e-02,-1.898201794143775101e-01,-6.054771598418345890e-02,1.738601668540692285e-02
-3.593011358357602436e+00,1.863557408541030302e-01,-7.444036369077311477e-02,-1.898095848994835189e-01,-6.057893417534552377e-02,1.739293576306125133e-02
-3.594909401280151240e+00,1.857497956312950116e-01,-7.426639978161130029e-02,-1.897990014546028781e-01,-6.061010200092687566e-02,1.739984431729087525e-02
-3.596807338423566147e+00,1.851435389816127319e-01,-7.409236683942969914e-02,-1.897884290712484878e-01,-6.064121956802519947e-02,1.740674237079704520e-02
-3.598705169898419598e+00,1.845369714071067035e-01,-7.391826496912230759e-02,-1.897778677409108217e-01,-6.067228698345451116e-02,1.741362994621617824e-02
-3.600602895815199211e+00,1.839300934087607364e-01,-7.374409427535708050e-02,-1.897673174550580932e-01,-6.070330435374603206e-02,1.742050706612009725e-02
-3.602500516284307341e+00,1.833229054864947138e-01,-7.356985486257658358e-02,-1.897567782051365337e-01,-6.073427178514911179e-02,1.742737375301624952e-02
-3.604398031416060189e+00,1.827154081391674512e-01,-7.339554683499863175e-02,-1.897462499825705862e-01,-6.076518938363211636e-02,1.743423002934794616e-02
-3.606295441320688244e+00,1.821076018645794714e-01,-7.322117029661689980e-02,-1.897357327787630998e-01,-6.079605725488331641e-02,1.744107591749458411e-02
-3.608192746108335847e+00,1.814994871594758086e-01,-7.304672535120163013e-02,-1.897252265850956632e-01,-6.082687550431177537e-02,1.744791143977186820e-02
-3.610089945889061624e+00,1.808910645195488387e-01,-7.287221210230018786e-02,-1.897147313929287149e-01,-6.085764423704825149e-02,1.745473661843204710e-02
-3.611987040772837165e+00,1.802823344394409444e-01,-7.269763065323774087e-02,-1.897042471936017938e-01,-6.088836355794605831e-02,1.746155147566412838e-02
-3.613884030869547459e+00,1.796732974127474292e-01,-7.252298110711789814e-02,-1.896937739784337884e-01,-6.091903357158196669e-02,1.746835603359410405e-02
-3.615780916288990454e+00,1.790639539320191542e-01,-7.234826356682330650e-02,-1.896833117387231038e-01,-6.094965438225705828e-02,1.747515031428517954e-02
-3.617677697140877502e+00,1.784543044887653696e-01,-7.217347813501630294e-02,-1.896728604657479111e-01,-6.098022609399761373e-02,1.748193433973798880e-02
-3.619574373534832024e+00,1.778443495734564339e-01,-7.199862491413953902e-02,-1.896624201507663698e-01,-6.101074881055597310e-02,1.748870813189081982e-02
-3.621470945580390399e+00,1.772340896755265627e-01,-7.182370400641656383e-02,-1.896519907850168218e-01,-6.104122263541141707e-02,1.749547171261982628e-02
-3.623367413387000635e+00,1.766235252833764924e-01,-7.164871551385250392e-02,-1.896415723597179859e-01,-6.107164767177102049e-02,1.750222510373925650e-02
-3.625263777064023696e+00,1.760126568843763117e-01,-7.147365953823463236e-02,-1.896311648660692073e-01,-6.110202402257050580e-02,1.750896832700166508e-02
-3.627160036720731728e+00,1.754014849648680430e-01,-7.129853618113302094e-02,-1.896207682952506246e-01,-6.113235179047510348e-02,1.751570140409813500e-02
-3.629056192466308950e+00,1.747900100101684451e-01,-7.112334554390112307e-02,-1.896103826384233915e-01,-6.116263107788042636e-02,1.752242435665848572e-02
-3.630952244409850760e+00,1.741782325045716506e-01,-7.094808772767639826e-02,-1.896000078867299266e-01,-6.119286198691328837e-02,1.752913720625149871e-02
-3.632848192660364184e+00,1.735661529313518581e-01,-7.077276283338095053e-02,-1.895896440312940245e-01,-6.122304461943257198e-02,1.753583997438512912e-02
-3.634744037326767874e+00,1.729537717727660240e-01,-7.059737096172206960e-02,-1.895792910632211614e-01,-6.125317907703006770e-02,1.754253268250671044e-02
-3.636639778517890331e+00,1.723410895100565277e-01,-7.042191221319289707e-02,-1.895689489735986333e-01,-6.128326546103132072e-02,1.754921535200317656e-02
-3.638535416342471684e+00,1.717281066234538078e-01,-7.024638668807299535e-02,-1.895586177534957506e-01,-6.131330387249644964e-02,1.755588800420127341e-02
-3.640430950909162355e+00,1.711148235921790273e-01,-7.007079448642897224e-02,-1.895482973939640881e-01,-6.134329441222100693e-02,1.756255066036776710e-02
-3.642326382326523060e+00,1.705012408944467095e-01,-6.989513570811504983e-02,-1.895379878860376233e-01,-6.137323718073679768e-02,1.756920334170965214e-02
-3.644221710703025252e+00,1.698873590074673756e-01,-6.971941045277368909e-02,-1.895276892207329866e-01,-6.140313227831271231e-02,1.757584606937436303e-02
-3.646116936147049792e+00,1.692731784074501811e-01,-6.954361881983618654e-02,-1.895174013890496278e-01,-6.143297980495554533e-02,1.758247886444998243e-02
-3.648012058766888277e+00,1.686586995696055247e-01,-6.936776090852321552e-02,-1.895071243819700102e-01,-6.146277986041082803e-02,1.758910174796545281e-02
-3.649907078670741267e+00,1.680439229681476021e-01,-6.919183681784549234e-02,-1.894968581904598048e-01,-6.149253254416364028e-02,1.759571474089077422e-02
-3.651801995966719172e+00,1.674288490762971260e-01,-6.901584664660431745e-02,-1.894866028054680851e-01,-6.152223795543942941e-02,1.760231786413721591e-02
-3.653696810762842251e+00,1.668134783662838239e-01,-6.883979049339215839e-02,-1.894763582179274930e-01,-6.155189619320483585e-02,1.760891113855752102e-02
-3.655591523167039281e+00,1.661978113093490195e-01,-6.866366845659326035e-02,-1.894661244187544891e-01,-6.158150735616847726e-02,1.761549458494610781e-02
-3.657486133287148444e+00,1.655818483757482695e-01,-6.848748063438421518e-02,-1.894559013988494911e-01,-6.161107154278179510e-02,1.762206822403927439e-02
-3.659380641230916886e+00,1.649655900347538617e-01,-6.831122712473453040e-02,-1.894456891490970685e-01,-6.164058885123981785e-02,1.762863207651540337e-02
-3.661275047106000713e+00,1.643490367546574793e-01,-6.813490802540722591e-02,-1.894354876603661086e-01,-6.167005937948198679e-02,1.763518616299516312e-02
-3.663169351019964104e+00,1.637321890027726157e-01,-6.795852343395940298e-02,-1.894252969235100670e-01,-6.169948322519296091e-02,1.764173050404169857e-02
-3.665063553080280201e+00,1.631150472454372391e-01,-6.778207344774281329e-02,-1.894151169293670500e-01,-6.172886048580339402e-02,1.764826512016084981e-02
-3.666957653394330219e+00,1.624976119480162629e-01,-6.760555816390444173e-02,-1.894049476687600930e-01,-6.175819125849073277e-02,1.765479003180133247e-02
-3.668851652069403446e+00,1.618798835749040710e-01,-6.742897767938707543e-02,-1.893947891324972710e-01,-6.178747564018002153e-02,1.766130525935494591e-02
-3.670745549212697245e+00,1.612618625895270441e-01,-6.725233209092984499e-02,-1.893846413113719207e-01,-6.181671372754467958e-02,1.766781082315677098e-02
-3.672639344931317051e+00,1.606435494543461406e-01,-6.707562149506883509e-02,-1.893745041961628073e-01,-6.184590561700727823e-02,1.767430674348536082e-02
-3.674533039332275930e+00,1.600249446308592838e-01,-6.689884598813762573e-02,-1.893643777776342907e-01,-6.187505140474033188e-02,1.768079304056294557e-02
-3.676426632522494575e+00,1.594060485796039706e-01,-6.672200566626784735e-02,-1.893542620465364923e-01,-6.190415118666708211e-02,1.768726973455561624e-02
-3.678320124608800867e+00,1.587868617601596866e-01,-6.654510062538974979e-02,-1.893441569936055169e-01,-6.193320505846225399e-02,1.769373684557352597e-02
-3.680213515697929871e+00,1.581673846311503762e-01,-6.636813096123277134e-02,-1.893340626095635637e-01,-6.196221311555285410e-02,1.770019439367108774e-02
-3.682106805896524282e+00,1.575476176502469960e-01,-6.619109676932606601e-02,-1.893239788851191485e-01,-6.199117545311891991e-02,1.770664239884715135e-02
-3.683999995311133535e+00,1.569275612741699300e-01,-6.601399814499908647e-02,-1.893139058109672701e-01,-6.202009216609430386e-02,1.771308088104521505e-02
-3.685893084048213808e+00,1.563072159586914311e-01,-6.583683518338212526e-02,-1.893038433777895213e-01,-6.204896334916742279e-02,1.771950986015360247e-02
-3.687786072214128019e+00,1.556865821586380927e-01,-6.565960797940686988e-02,-1.892937915762543388e-01,-6.207778909678203505e-02,1.772592935600565342e-02
